               Stress_Period  Alfalfa_Irrigated             Grain_Irrigated               Pasture_Irrigated             Native_Vegetation             Urban_Barren                  Water                         
   1          3064211.97                0.00          2828502.97           633821.10                0.00                0.00
   2           668451.32                0.00           685434.79          1128860.60                0.00                0.00
   3                0.00                0.00                0.00           709097.51                0.00                0.00
   4                0.00                0.00                0.00           947482.83                0.00                0.00
   5                0.00                0.00                0.00          1235589.16                0.00                0.00
   6          3384351.03           130109.17          4154969.88          2631685.16                0.00                0.00
   7          3572921.27          1198256.52          4133115.51          2709485.34                0.00                0.00
   8          3852187.82          4817077.29          4085191.86          2731801.81                0.00                0.00
   9          5456111.08          7033140.45          5488539.95          1498368.26                0.00                0.00
  10          7528910.39          1760364.36          7338086.78          1099142.90                0.00                0.00
  11          6366866.47                0.00          5372526.40           410062.26                0.00                0.00
  12          4537435.21                0.00          3357834.55           105430.33                0.00                0.00
  13          2714844.56                0.00          2717513.61           549994.26                0.00                0.00
  14           500013.84                0.00           490260.72           947180.91                0.00                0.00
  15                0.00                0.00                0.00           699281.15                0.00                0.00
  16                0.00                0.00                0.00           953251.57                0.00                0.00
  17                0.00                0.00                0.00          1272686.60                0.00                0.00
  18          3025803.28           150948.43          3777387.43          2350163.71                0.00                0.00
  19          4392295.67          1712179.17          5120691.87          3359713.68                0.00                0.00
  20          5402369.83          7357484.58          5479327.98          2913033.15                0.00                0.00
  21          6826475.17          8358076.73          7287097.94          2661677.16                0.00                0.00
  22          7354831.81          1479892.06          7017012.79          1114414.59                0.00                0.00
  23          7050858.10                0.00          5206983.16                0.00                0.00                0.00
  24          4738868.29                0.00          4218051.04           227777.58                0.00                0.00
  25          2861398.85                0.00          3201193.17          1750218.64                0.00                0.00
  26           684071.03                0.00           852981.14          1134851.36                0.00                0.00
  27                0.00                0.00                0.00           739705.94                0.00                0.00
  28                0.00                0.00                0.00           741597.63                0.00                0.00
  29                0.00                0.00                0.00          1029658.04                0.00                0.00
  30          3029456.22           134916.04          3777616.37          2414965.12                0.00                0.00
  31          3811251.95          1397120.14          4716959.17          2963337.41                0.00                0.00
  32          5453021.20          6866666.46          6197315.21          4270674.41                0.00                0.00
  33          7021931.96          8419508.89          7383367.82          5232391.55                0.00                0.00
  34          6808206.94          1609207.74          6500810.64          4619782.50                0.00                0.00
  35          6308980.48                0.00          6362713.20          1738954.98                0.00                0.00
  36          4983314.17                0.00          4873519.97           304661.14                0.00                0.00
  37          2990556.78                0.00          3149964.28           950014.17                0.00                0.00
  38           598339.95                0.00           603971.16           404384.67                0.00                0.00
  39                0.00                0.00                0.00           717290.74                0.00                0.00
  40                0.00                0.00                0.00           715056.54                0.00                0.00
  41                0.00                0.00                0.00          1017380.38                0.00                0.00
  42          3213234.43           171084.43          4138047.12          2538897.99                0.00                0.00
  43          3857709.95          1646550.41          4178419.56          2187687.49                0.00                0.00
  44          5457854.37          7980009.66          5820733.80          2067538.45                0.00                0.00
  45          6424768.53          8429868.91          6284060.21                0.00                0.00                0.00
  46          8232269.96          1688936.78          6862322.57                0.00                0.00                0.00
  47          6637959.46                0.00          4010765.45                0.00                0.00                0.00
  48          4790366.63                0.00          3213008.37           268779.09                0.00                0.00
  49          2185524.74                0.00          2266608.11            40518.17                0.00                0.00
  50           554062.46                0.00           682473.65           974998.56                0.00                0.00
  51                0.00                0.00                0.00           718431.93                0.00                0.00
  52                0.00                0.00                0.00           520209.23                0.00                0.00
  53                0.00                0.00                0.00          1625300.17                0.00                0.00
  54          2453705.19           106752.22          3022227.55          1973713.21                0.00                0.00
  55          3858649.88          1381837.95          4752731.06          3035804.16                0.00                0.00
  56          5827550.43          7168797.96          6696600.83          4469122.02                0.00                0.00
  57          6803243.69          7937967.46          6726469.43          5083133.09                0.00                0.00
  58          7210884.96          1599940.15          7154665.69          5211499.95                0.00                0.00
  59          6870419.35                0.00          6500810.64          1830861.33                0.00                0.00
  60          4758355.97                0.00          4553864.77           401092.54                0.00                0.00
  61          2934480.32                0.00          2868849.82           166423.09                0.00                0.00
  62           705211.06                0.00           736002.10           702115.73                0.00                0.00
  63                0.00                0.00                0.00           752811.15                0.00                0.00
  64                0.00                0.00                0.00           763897.82                0.00                0.00
  65                0.00                0.00                0.00          1274697.45                0.00                0.00
  66          2679652.23           153067.91          3399840.15          2134725.74                0.00                0.00
  67          4033884.19          1718236.75          5000611.02          3189081.20                0.00                0.00
  68          5655172.43          7556987.26          6310843.72          4407207.94                0.00                0.00
  69          7248649.75          8720692.06          6657258.61          5077778.37                0.00                0.00
  70          8209153.64          1511820.47          7865200.63          2156930.08                0.00                0.00
  71          7307689.53                0.00          7013883.44           407728.66                0.00                0.00
  72          4474063.93                0.00          4345280.57           549849.14                0.00                0.00
  73          2865636.92                0.00          3113501.62          1129007.93                0.00                0.00
  74           628912.44                0.00           683311.28          1163374.80                0.00                0.00
  75                0.00                0.00                0.00           774881.77                0.00                0.00
  76                0.00                0.00                0.00           966237.73                0.00                0.00
  77                0.00                0.00                0.00          1014028.95                0.00                0.00
  78          3064355.44           149260.67          3776970.18          2324331.03                0.00                0.00
  79          4151707.37          1580165.93          4631612.13          3114586.82                0.00                0.00
  80          6959962.66          8786619.77          6499808.99          4869604.71                0.00                0.00
  81          6597329.83          7986836.29          6369273.40          3125643.07                0.00                0.00
  82          4777178.38           988442.33          4748490.72          1486700.24                0.00                0.00
  83           592942.04                0.00           683297.14           456695.73                0.00                0.00
  84           593101.05                0.00           731226.02           446863.66                0.00                0.00
  85           300847.87                0.00           377794.47           235308.26                0.00                0.00
  86           135866.78                0.00           170619.74           243750.12                0.00                0.00
  87                0.00                0.00                0.00           725397.89                0.00                0.00
  88                0.00                0.00                0.00           799289.94                0.00                0.00
  89                0.00                0.00                0.00          1016938.97                0.00                0.00
  90          2707626.09           151707.17          3399916.49          2172374.38                0.00                0.00
  91          4075995.37          1702962.05          4954068.24          3150693.71                0.00                0.00
  92          4512709.76          5913349.98          5416479.15          3659025.25                0.00                0.00
  93          6980081.26          8182080.48          7455900.93          5331827.07                0.00                0.00
  94          8358367.09          1551581.72          7983966.06          5779524.48                0.00                0.00
  95          7281999.49                0.00          7044823.15          1403748.31                0.00                0.00
  96          5032013.65                0.00          5074989.92          1165406.72                0.00                0.00
  97          2925156.36                0.00          3145987.78          1438379.94                0.00                0.00
  98           555787.75                0.00           682464.90           991945.79                0.00                0.00
  99                0.00                0.00                0.00           725295.18                0.00                0.00
 100                0.00                0.00                0.00           975907.79                0.00                0.00
 101                0.00                0.00                0.00          1658176.78                0.00                0.00
 102          2461345.76           118976.81          3021928.96          1868030.02                0.00                0.00
 103          4168408.15          1574452.85          4630530.62          3033498.75                0.00                0.00
 104          6106258.31          7612780.34          5619372.64          4137780.79                0.00                0.00
 105          6814549.19          8227144.16          6291107.07          2201412.42                0.00                0.00
 106          7990970.06          1586857.81          7540940.26           180212.45                0.00                0.00
 107          6635034.37                0.00          6328454.35           318064.68                0.00                0.00
 108          5283519.97                0.00          5032885.26                0.00                0.00                0.00
 109          2739058.36                0.00          3348013.63           468744.38                0.00                0.00
 110           683246.17                0.00           853025.98          1184752.21                0.00                0.00
 111                0.00                0.00                0.00           718036.06                0.00                0.00
 112                0.00                0.00                0.00           765607.03                0.00                0.00
 113                0.00                0.00                0.00          1317978.07                0.00                0.00
 114          1815481.97           122347.68          2266568.18          1430723.32                0.00                0.00
 115          4392295.67          2036744.82          5470345.09          3457182.38                0.00                0.00
 116          5746412.18          7611118.43          6173669.36          4303879.51                0.00                0.00
 117          3202991.51          3509385.82          2945572.29          2305781.98                0.00                0.00
 118          6723169.78           971297.68          6552140.11          4245633.78                0.00                0.00
 119          6786955.05                0.00          6484252.15           890882.18                0.00                0.00
 120          4731790.26                0.00          4404523.09           250251.54                0.00                0.00
 121          2850359.33                0.00          3204911.55          1669007.13                0.00                0.00
 122           547256.61                0.00           682380.76           921148.85                0.00                0.00
 123                0.00                0.00                0.00           712321.81                0.00                0.00
 124                0.00                0.00                0.00           960462.49                0.00                0.00
 125                0.00                0.00                0.00          1125869.48                0.00                0.00
 126          3029456.22           185178.87          3777122.20          2341473.10                0.00                0.00
 127          3811251.95          1665410.86          4391379.99          2915001.27                0.00                0.00
 128          6612379.32          9476188.68          6535106.03          1686336.86                0.00                0.00
 129          6794766.17          8262441.31          6537876.01           139687.91                0.00                0.00
 130          7871665.70          1276151.74          5667235.52           624415.83                0.00                0.00
 131          7275307.15                0.00          4273286.54                0.00                0.00                0.00
 132          4807441.54                0.00          3433756.71           644837.37                0.00                0.00
 133          2321408.92                0.00          2338110.24           307881.50                0.00                0.00
 134           454167.45                0.00           467806.09           885664.55                0.00                0.00
 135                0.00                0.00                0.00           773366.69                0.00                0.00
 136                0.00                0.00                0.00           992283.56                0.00                0.00
 137                0.00                0.00                0.00          1417371.52                0.00                0.00
 138          3505346.02           252124.37          4460687.11          2768119.43                0.00                0.00
 139          3957624.30          1958675.29          4398170.59          3089258.78                0.00                0.00
 140          5240622.47          7435611.12          5416311.67          3959178.07                0.00                0.00
 141          6100266.41          7526195.38          5833548.40          3461019.17                0.00                0.00
 142          7185913.12          1069745.37          7082516.34          1167027.00                0.00                0.00
 143          6904484.04                0.00          6065690.15                0.00                0.00                0.00
 144          5107259.15                0.00          3725939.06           191218.34                0.00                0.00
 145          2628145.96                0.00          2345654.92                0.00                0.00                0.00
 146           571791.87                0.00           625494.25           909356.76                0.00                0.00
 147                0.00                0.00                0.00           765887.24                0.00                0.00
 148                0.00                0.00                0.00          1003649.07                0.00                0.00
 149                0.00                0.00                0.00          3343495.81                0.00                0.00
 150          3680557.79           198852.18          4533180.36          2908857.83                0.00                0.00
 151          3265011.52          1315392.27          4021513.87          2574561.81                0.00                0.00
 152          6134262.98          7750168.01          6959822.89          4515022.10                0.00                0.00
 153          8049126.68          9132673.53          7344602.81          5270657.78                0.00                0.00
 154          8734961.32          1529416.35          8609181.45          3259437.69                0.00                0.00
 155          6877504.59                0.00          7386881.41          3713148.23                0.00                0.00
 156          5024759.67                0.00          4812179.13           365264.56                0.00                0.00
 157          3202111.63                0.00          3115629.26            76623.59                0.00                0.00
 158           665919.11                0.00           831776.76          1163004.00                0.00                0.00
 159                0.00                0.00                0.00           761885.79                0.00                0.00
 160                0.00                0.00                0.00          1260927.65                0.00                0.00
 161                0.00                0.00                0.00          2017531.87                0.00                0.00
 162          2679652.23           203822.01          3399361.62          2089615.70                0.00                0.00
 163          4610153.36          2330632.38          5331797.31          3546861.78                0.00                0.00
 164          5646936.51          7792599.65          5719018.45          4297078.70                0.00                0.00
 165          7073134.81          8051810.46          6610356.21          3967577.51                0.00                0.00
 166          8423514.49          1039460.05          8107781.73          1206174.62                0.00                0.00
 167          7048717.20                0.00          6315658.39           333961.29                0.00                0.00
 168          4844092.51                0.00          3750458.33                0.00                0.00                0.00
 169          2804378.12                0.00          3204980.63          1300707.72                0.00                0.00
 170           691951.50                0.00           853032.54          1162452.91                0.00                0.00
 171                0.00                0.00                0.00          1195083.51                0.00                0.00
 172                0.00                0.00                0.00           972390.90                0.00                0.00
 173                0.00                0.00                0.00          1465220.25                0.00                0.00
 174          3370791.59           221796.15          4154594.90          2560922.27                0.00                0.00
 175          3855157.43          1745442.27          4363535.14          2925078.64                0.00                0.00
 176          5208351.33          6739949.51          5934212.46          4019968.50                0.00                0.00
 177          5801735.86          6373034.66          5265210.16          4239126.56                0.00                0.00
 178          7841993.79          1095684.64          7387278.17          3729945.76                0.00                0.00
 179          7687909.75                0.00          7211520.31           843195.16                0.00                0.00
 180          4505899.39                0.00          3719540.89           172838.33                0.00                0.00
 181          2622275.55                0.00          2424319.09           383711.56                0.00                0.00
 182           541734.04                0.00           675359.58           949992.03                0.00                0.00
 183                0.00                0.00                0.00           748122.42                0.00                0.00
 184                0.00                0.00                0.00           790320.98                0.00                0.00
 185                0.00                0.00                0.00          1298469.82                0.00                0.00
 186          1805083.67           134673.36          2266685.33          1477461.46                0.00                0.00
 187          3493710.32          1732435.23          4387154.59          2784467.30                0.00                0.00
 188          5715203.09          7725410.66          6313531.41          4344250.52                0.00                0.00
 189          7019216.35          7743841.80          6481879.62          4846089.03                0.00                0.00
 190          8179421.51          1014149.92          7798091.67          1871354.63                0.00                0.00
 191          6526645.77                0.00          6253814.97          1065796.03                0.00                0.00
 192          4571262.53                0.00          4287974.82           100396.02                0.00                0.00
 193          2332808.59                0.00          2565926.52           141238.83                0.00                0.00
 194           541360.58                0.00           664435.74           958762.53                0.00                0.00
 195                0.00                0.00                0.00           732282.46                0.00                0.00
 196                0.00                0.00                0.00           695046.48                0.00                0.00
 197                0.00                0.00                0.00          1134120.30                0.00                0.00
 198          3076682.20           200903.83          3752889.48          2292259.27                0.00                0.00
 199          4168377.59          1872910.70          4360609.77          3025652.80                0.00                0.00
 200          6360310.50          8269294.05          5891148.15          4493023.10                0.00                0.00
 201          6485437.12          7396148.95          6060558.53          2311082.50                0.00                0.00
 202          7467125.63          1017328.00          6779720.76           463126.85                0.00                0.00
 203          6616481.77                0.00          4975965.16            71968.53                0.00                0.00
 204          4155230.43                0.00          3026971.83            78467.98                0.00                0.00
 205          2374476.10                0.00          2900446.95          1858318.54                0.00                0.00
 206           683246.17                0.00           853005.50          1124974.14                0.00                0.00
 207                0.00                0.00                0.00           734027.11                0.00                0.00
 208                0.00                0.00                0.00           763119.51                0.00                0.00
 209                0.00                0.00                0.00          1458207.54                0.00                0.00
 210          2420642.63           211857.45          3021775.00          1886855.65                0.00                0.00
 211          3806656.32          2084614.06          4312153.76          2823378.94                0.00                0.00
 212          5740121.81          7800811.42          5828198.90          4269490.02                0.00                0.00
 213          6587096.06          6981171.52          6099999.26          3851988.54                0.00                0.00
 214          7322045.49           659129.32          7020875.45          1045530.52                0.00                0.00
 215          6508484.40                0.00          6106441.03                0.00                0.00                0.00
 216          4594139.99                0.00          3782510.30                0.00                0.00                0.00
 217          2422609.78                0.00          2407185.97           358594.54                0.00                0.00
 218           684071.03                0.00           853069.99          1166384.83                0.00                0.00
 219                0.00                0.00                0.00           734113.86                0.00                0.00
 220                0.00                0.00                0.00           945723.66                0.00                0.00
 221                0.00                0.00                0.00          1132232.99                0.00                0.00
 222          2423564.98           162957.41          3022055.54          1882462.39                0.00                0.00
 223          4104424.56          1898947.62          4673195.15          3027145.28                0.00                0.00
 224          6054783.19          8009970.30          6710764.19          4616785.60                0.00                0.00
 225          6331634.53          7380211.32          6629857.98          5085507.85                0.00                0.00
 226          7548838.09          1105025.33          7227138.04           852274.77                0.00                0.00
 227          6493364.61                0.00          5094758.90           293546.47                0.00                0.00
 228          4950918.25                0.00          3468270.08            57415.58                0.00                0.00
 229          2738053.02                0.00          3271369.58          1412463.41                0.00                0.00
 230           632980.20                0.00           790314.56          1194469.10                0.00                0.00
 231                0.00                0.00                0.00           735969.80                0.00                0.00
 232                0.00                0.00                0.00           770034.97                0.00                0.00
 233                0.00                0.00                0.00          1352993.23                0.00                0.00
 234          2629010.09           207102.21          3399871.92          2166437.58                0.00                0.00
 235          3392270.34          1776105.23          4385351.48          2789207.18                0.00                0.00
 236          4673794.69          6671236.18          5577587.39          3735551.22                0.00                0.00
 237          6176465.74          7085389.13          6131906.70          4687900.00                0.00                0.00
 238          7465565.67           985683.84          7392229.60          3821804.04                0.00                0.00
 239          6373369.88                0.00          6235850.93                0.00                0.00                0.00
 240          4689279.27                0.00          4857775.24          1091645.40                0.00                0.00
 241          2707729.55                0.00          2950111.78           784695.36                0.00                0.00
 242           554062.46                0.00           682414.21           935724.12                0.00                0.00
 243                0.00                0.00                0.00           770511.42                0.00                0.00
 244                0.00                0.00                0.00           936590.31                0.00                0.00
 245                0.00                0.00                0.00          1076545.32                0.00                0.00
 246          2146992.65           154459.34          2644553.93          1782817.67                0.00                0.00
 247          3265011.52          1561184.08          3996391.94          2490248.23                0.00                0.00
 248          4600697.84          5997299.78          5108832.47          3499332.21                0.00                0.00
 249          6224659.46          6527073.70          6350279.56          4649383.76                0.00                0.00
 250          6039377.67           725919.39          5699160.88          4154583.85                0.00                0.00
 251          5813293.01                0.00          5535080.50          1804321.36                0.00                0.00
 252          5516105.21                0.00          5305950.01           488658.19                0.00                0.00
 253          2236792.07                0.00          2633964.09          1594948.77                0.00                0.00
 254           618835.43                0.00           713228.13           718841.19                0.00                0.00
 255                0.00                0.00                0.00           779542.41                0.00                0.00
 256                0.00                0.00                0.00           879804.37                0.00                0.00
 257                0.00                0.00                0.00          1513125.62                0.00                0.00
 258          2240790.28            83178.13          2843146.28          1867994.02                0.00                0.00
 259          3672007.15          1408272.11          4659151.43          2886178.27                0.00                0.00
 260          5755315.46          7417324.42          6339986.62          4313124.16                0.00                0.00
 261          5728161.09          7342500.75          5470848.63          4133647.60                0.00                0.00
 262          6240762.35          1695227.18          6020243.39          1220677.08                0.00                0.00
 263          5918687.44                0.00          5581401.81                0.00                0.00                0.00
 264          4405885.87                0.00          3703082.95                0.00                0.00                0.00
 265          2306075.58                0.00          2591855.51           481071.53                0.00                0.00
 266           666295.47                0.00           813574.61           922159.83                0.00                0.00
 267                0.00                0.00                0.00          1202617.83                0.00                0.00
 268                0.00                0.00                0.00          1043898.34                0.00                0.00
 269                0.00                0.00                0.00          1350280.41                0.00                0.00
 270          3004416.74           127241.04          3703397.05          2296036.51                0.00                0.00
 271          4248603.31          1667543.97          4921800.85          3165242.42                0.00                0.00
 272          5749843.91          6932893.16          6249877.27          4254627.13                0.00                0.00
 273          6621245.86          8254558.69          5965361.77          4467003.65                0.00                0.00
 274          7092891.58          1892915.73          6980569.13          3082912.13                0.00                0.00
 275          5635897.13                0.00          4880419.60          1417873.74                0.00                0.00
 276          3997028.74                0.00          3770083.48           851993.67                0.00                0.00
 277          2919593.89                0.00          3084061.64          1579876.29                0.00                0.00
 278           827440.46                0.00           546900.23           576328.30                0.00                0.00
 279                0.00                0.00                0.00           867659.17                0.00                0.00
 280                0.00                0.00                0.00          1097996.65                0.00                0.00
 281                0.00                0.00                0.00          1240625.92                0.00                0.00
 282          2896518.57           116096.58          3636846.44          2282818.79                0.00                0.00
 283          4068345.83          1485043.41          4800115.50          3066782.86                0.00                0.00
 284          5682205.11          7366369.42          5817709.37          4241723.65                0.00                0.00
 285          6649434.55          8931530.30          6181752.64          1582413.58                0.00                0.00
 286          6915574.27          1870002.47          4751845.86           327268.80                0.00                0.00
 287          5995573.98                0.00          3854442.60           403602.32                0.00                0.00
 288          4547069.32                0.00          3714941.87           743538.60                0.00                0.00
 289          2658327.16                0.00          3197785.00          2044230.59                0.00                0.00
 290           677540.82                0.00           831902.18           891078.91                0.00                0.00
 291                0.00                0.00                0.00           686634.86                0.00                0.00
 292                0.00                0.00                0.00          1217202.85                0.00                0.00
 293                0.00                0.00                0.00          1650583.76                0.00                0.00
 294          3122392.57           148745.71          3833219.62          2355370.63                0.00                0.00
 295          4246938.41          1584650.33          4679727.77          3086082.85                0.00                0.00
 296          5808072.72          6921094.77          6005708.70          4299985.78                0.00                0.00
 297          7076414.59          8641432.33          6497220.57          3978113.32                0.00                0.00
 298          6698137.90          1539006.25          5578509.91          1769367.46                0.00                0.00
 299          5788535.65                0.00          4205889.28           749843.06                0.00                0.00
 300          4154856.67                0.00          2891427.80           125053.91                0.00                0.00
 301          2480932.67                0.00          2485000.72           601793.17                0.00                0.00
 302           580883.15                0.00           624737.07           907062.88                0.00                0.00
 303                0.00                0.00                0.00           519757.75                0.00                0.00
 304                0.00                0.00                0.00           628094.01                0.00                0.00
 305                0.00                0.00                0.00          1107450.04                0.00                0.00
 306          2702236.07           153905.18          3373656.57          2125382.49                0.00                0.00
 307          4864562.91          1708832.67          5799479.19          3711362.73                0.00                0.00
 308          5875522.80          7467414.43          6140453.99          4418427.80                0.00                0.00
 309          6762148.64          8455352.75          6288979.24          4537646.99                0.00                0.00
 310          7140773.95          1777385.67          6774775.83          1482504.26                0.00                0.00
 311          6304375.82                0.00          5635737.04           348259.30                0.00                0.00
 312          4134590.86                0.00          3490279.50            89048.31                0.00                0.00
 313          1881530.38                0.00          2209656.64          1066882.74                0.00                0.00
 314           698689.57                0.00           871253.34          1021513.79                0.00                0.00
 315                0.00                0.00                0.00           392472.41                0.00                0.00
 316                0.00                0.00                0.00           452570.61                0.00                0.00
 317                0.00                0.00                0.00          1127500.52                0.00                0.00
 318          2550063.03           128519.84          3179918.98          2042947.06                0.00                0.00
 319          4021312.43          1481926.26          5014654.85          3155912.87                0.00                0.00
 320          6297304.12          7897664.05          6884680.63          4638821.87                0.00                0.00
 321          6750617.66          8227162.24          6248196.47          4678543.45                0.00                0.00
 322          7363395.36          1954099.89          6991865.94          1917189.21                0.00                0.00
 323          5674394.83                0.00          5677530.70          1214015.66                0.00                0.00
 324          3667858.13                0.00          3593785.36           364530.24                0.00                0.00
 325          2441929.22                0.00          2700456.32           491356.34                0.00                0.00
 326           593289.13                0.00           747835.01           714096.91                0.00                0.00
 327                0.00                0.00                0.00           464544.18                0.00                0.00
 328                0.00                0.00                0.00           678425.83                0.00                0.00
 329                0.00                0.00                0.00          1313273.61                0.00                0.00
 330          2770126.07           165270.70          3582414.85          2305040.04                0.00                0.00
 331          3853023.89          1540882.93          4972392.88          3115047.57                0.00                0.00
 332          5598125.41          7414104.67          6722767.26          4482818.76                0.00                0.00
 333          6576631.48          9099994.42          6515206.25          3649876.56                0.00                0.00
 334          6930368.02          1861845.47          6268495.55           384856.84                0.00                0.00
 335          5781605.33                0.00          4198590.79                0.00                0.00                0.00
 336          4169404.87                0.00          3193162.60                0.00                0.00                0.00
 337          2234258.85                0.00          2202022.81           753535.58                0.00                0.00
 338           636782.15                0.00           379303.44           199731.70                0.00                0.00
 339                0.00                0.00                0.00           482908.59                0.00                0.00
 340                0.00                0.00                0.00           743952.56                0.00                0.00
 341                0.00                0.00                0.00           978944.40                0.00                0.00
 342          2881321.69           143267.23          3548743.45          2228642.75                0.00                0.00
 343          4198308.12          1639116.93          4962188.82          3218230.56                0.00                0.00
 344          5801087.44          6914971.73          6215765.44          4370606.11                0.00                0.00
 345          7192484.43          8910265.65          6435885.15          4859723.80                0.00                0.00
 346          7048044.67          1770362.03          6719086.74          1699082.02                0.00                0.00
 347          6024338.93                0.00          6126914.85          1781628.98                0.00                0.00
 348          4052476.45                0.00          4120135.45          1194289.77                0.00                0.00
 349          2585751.81                0.00          2765083.26          1019591.12                0.00                0.00
 350           677116.35                0.00           663510.79            75416.85                0.00                0.00
 351                0.00                0.00                0.00           521670.20                0.00                0.00
 352                0.00                0.00                0.00           650847.25                0.00                0.00
 353                0.00                0.00                0.00          1505947.78                0.00                0.00
 354          3004988.24           139826.90          3800696.03          2306769.85                0.00                0.00
 355          4805226.51          1817796.27          5173586.02          3574257.55                0.00                0.00
 356          5080807.66          6997121.60          5265377.02          1796390.50                0.00                0.00
 357          6551655.46          8460092.13          6705161.53          1746929.25                0.00                0.00
 358          7362189.31          1927534.89          6982209.80           763783.95                0.00                0.00
 359          5924682.43                0.00          4289044.24           151429.09                0.00                0.00
 360          3845584.77                0.00          2865591.73                0.00                0.00                0.00
 361          2344736.91                0.00          2214978.80                0.00                0.00                0.00
 362           576193.25                0.00           518693.59           483993.79                0.00                0.00
 363                0.00                0.00                0.00           415796.87                0.00                0.00
 364                0.00                0.00                0.00           624696.93                0.00                0.00
 365                0.00                0.00                0.00          1191098.62                0.00                0.00
 366          3600630.01           183701.21          4437941.13          2686884.60                0.00                0.00
 367          5222560.15          1784646.72          5521050.70          3783734.90                0.00                0.00
 368          6386204.81          8062386.56          5833123.05          4272673.87                0.00                0.00
 369          6981311.97          8745051.92          6826976.83          1832152.89                0.00                0.00
 370          7328833.79          1962157.18          5803162.53                0.00                0.00                0.00
 371          5672370.90                0.00          4230379.41           881555.28                0.00                0.00
 372          3586066.81                0.00          3481497.11          2057737.10                0.00                0.00
 373          2332956.13                0.00          2151487.40           991093.37                0.00                0.00
 374           456198.81                0.00           572887.28           813914.06                0.00                0.00
 375                0.00                0.00                0.00           402466.27                0.00                0.00
 376                0.00                0.00                0.00           830027.10                0.00                0.00
 377                0.00                0.00                0.00          1401295.54                0.00                0.00
 378          3447090.16           180853.33          4327632.45          2604940.24                0.00                0.00
 379          4137119.52          1507559.17          4810617.11          3210750.81                0.00                0.00
 380          5629664.69          7169090.27          5735014.20          4143801.95                0.00                0.00
 381          6380659.40          8105880.41          6505380.73          4677097.91                0.00                0.00
 382          7099826.31          1750502.56          6467043.40          1431035.17                0.00                0.00
 383          5571905.91                0.00          2660914.54           279968.42                0.00                0.00
 384          2353425.90                0.00          1225795.02           230953.42                0.00                0.00
 385          1520284.63                0.00           763801.35           239180.02                0.00                0.00
 386           541173.03                0.00           664530.04           862009.80                0.00                0.00
 387                0.00                0.00                0.00           304761.59                0.00                0.00
 388                0.00                0.00                0.00           784195.14                0.00                0.00
 389                0.00                0.00                0.00          1292118.14                0.00                0.00
 390          2165864.35           120157.93          2659377.72          1715722.28                0.00                0.00
 391          4559138.59          1724523.32          5269325.53          3435320.04                0.00                0.00
 392          6177185.19          7761030.38          6290044.93          4565997.97                0.00                0.00
 393          6493242.77          7890029.09          6115657.36          4465009.55                0.00                0.00
 394          7767629.03          1980642.41          7284129.37          1780928.82                0.00                0.00
 395          5763713.26                0.00          5530963.58           835858.94                0.00                0.00
 396          4002772.13                0.00          4018814.94           785621.15                0.00                0.00
 397          2335683.07                0.00          2460709.50           926761.01                0.00                0.00
 398           530798.05                0.00           641826.12           816905.95                0.00                0.00
 399                0.00                0.00                0.00           361646.75                0.00                0.00
 400                0.00                0.00                0.00           626122.49                0.00                0.00
 401                0.00                0.00                0.00          1100576.21                0.00                0.00
 402          2625764.94           123063.28          3278184.66          2056501.98                0.00                0.00
 403          4318889.53          1565991.40          5162623.45          3223775.04                0.00                0.00
 404          6605160.74          8413234.99          6602452.67          4811708.30                0.00                0.00
 405          6846811.72          8853675.28          6459459.67          3930848.99                0.00                0.00
 406          7430763.47          1892753.14          7126903.94            19608.46                0.00                0.00
 407          6094452.18                0.00          5758697.03           435381.04                0.00                0.00
 408          3661993.71                0.00          4092475.10           179634.25                0.00                0.00
 409          1961997.86                0.00          2559373.32           455937.28                0.00                0.00
 410           564030.24                0.00           703339.27           667960.80                0.00                0.00
 411                0.00                0.00                0.00           403959.37                0.00                0.00
 412                0.00                0.00                0.00           705428.30                0.00                0.00
 413                0.00                0.00                0.00           893803.07                0.00                0.00
 414          2801298.87           145831.24          3493096.18          2179136.50                0.00                0.00
 415          4636513.22          1662424.24          5619706.18          3479213.69                0.00                0.00
 416          6387397.77          7996060.42          6316789.21          4611989.77                0.00                0.00
 417          6931250.30          8845841.30          6400404.02          3459963.70                0.00                0.00
 418          7072916.28          1862284.29          6832623.29          1006614.92                0.00                0.00
 419          5987105.42                0.00          5948678.97           965269.76                0.00                0.00
 420          4007877.60                0.00          4067082.12           754501.64                0.00                0.00
