               Stress_Period  Alfalfa_Irrigated             Grain_Irrigated               Pasture_Irrigated             Native_Vegetation             Urban_Barren                  Water                         
   1          4616518.66                0.00          1729487.54           633821.10                0.00                0.00
   2          1004125.02                0.00           809729.19          1128860.60                0.00                0.00
   3                0.00                0.00                0.00           709097.51                0.00                0.00
   4                0.00                0.00                0.00           947482.83                0.00                0.00
   5                0.00                0.00                0.00          1235589.16                0.00                0.00
   6          5067678.20            25003.08          5490106.84          2631685.16                0.00                0.00
   7          5349473.45           230268.96          5470197.69          2709485.34                0.00                0.00
   8          5630752.78           925697.75          3665531.64          2731801.81                0.00                0.00
   9          6358774.92          1346159.64          1931394.27          1498368.26                0.00                0.00
  10          5395893.24           350132.96          1417709.92          1099142.90                0.00                0.00
  11           746014.85                0.00           484672.67           410062.26                0.00                0.00
  12           113690.46                0.00           123191.56           105430.33                0.00                0.00
  13          1485983.75                0.00          1095689.30           549994.26                0.00                0.00
  14           494467.41                0.00           492654.24           947180.91                0.00                0.00
  15                0.00                0.00                0.00           699281.15                0.00                0.00
  16                0.00                0.00                0.00           953251.57                0.00                0.00
  17                0.00                0.00                0.00          1272686.60                0.00                0.00
  18          4595081.59            29100.59          4991248.86          2350163.71                0.00                0.00
  19          6668931.66           330082.39          6725246.03          3359713.68                0.00                0.00
  20          4160447.14          1418574.03          3124017.24          2913033.15                0.00                0.00
  21          4457469.66          1056970.21          4221747.08          2661677.16                0.00                0.00
  22           586550.34           102833.41           521346.44          1114414.59                0.00                0.00
  23                0.00                0.00                0.00                0.00                0.00                0.00
  24           261425.28                0.00           284006.02           227777.58                0.00                0.00
  25          2445539.17                0.00          2547551.10          1750218.64                0.00                0.00
  26          1039106.09                0.00          1127106.44          1134851.36                0.00                0.00
  27                0.00                0.00                0.00           739705.94                0.00                0.00
  28                0.00                0.00                0.00           741597.63                0.00                0.00
  29                0.00                0.00                0.00          1029658.04                0.00                0.00
  30          4601753.71            25776.02          4991599.37          2414965.12                0.00                0.00
  31          5789303.93           266923.00          6235382.08          2963337.41                0.00                0.00
  32          8279954.09          1311920.45          7933937.60          4270674.41                0.00                0.00
  33         10505282.46          1611620.61          6157797.37          5232391.55                0.00                0.00
  34          1211856.72           302996.64                0.00          4619782.50                0.00                0.00
  35          1492531.20                0.00          1619057.08          1738954.98                0.00                0.00
  36           360576.65                0.00           391153.68           304661.14                0.00                0.00
  37          1632983.29                0.00          1230379.84           950014.17                0.00                0.00
  38           176685.08                0.00            99623.46           404384.67                0.00                0.00
  39                0.00                0.00                0.00           717290.74                0.00                0.00
  40                0.00                0.00                0.00           715056.54                0.00                0.00
  41                0.00                0.00                0.00          1017380.38                0.00                0.00
  42          5091602.29            30390.33          5470554.26          2538897.99                0.00                0.00
  43          4608975.62           292482.53          4152030.70          2187687.49                0.00                0.00
  44          2761238.26          1414282.60          2628366.23          2067538.45                0.00                0.00
  45                0.00            64393.25                0.00                0.00                0.00                0.00
  46                0.00                0.00                0.00                0.00                0.00                0.00
  47                0.00                0.00                0.00                0.00                0.00                0.00
  48           315360.53                0.00           340109.54           268779.09                0.00                0.00
  49            85753.13                0.00            47344.03            40518.17                0.00                0.00
  50           814416.46                0.00           901773.80           974998.56                0.00                0.00
  51                0.00                0.00                0.00           718431.93                0.00                0.00
  52                0.00                0.00                0.00           520209.23                0.00                0.00
  53                0.00                0.00                0.00          1625300.17                0.00                0.00
  54          3606701.49            23546.91          3993413.94          1973713.21                0.00                0.00
  55          5671829.81           304799.39          6279055.45          3035804.16                0.00                0.00
  56          8563744.41          1581308.99          8722972.78          4469122.02                0.00                0.00
  57          9830436.48          1733680.38          4772736.16          5083133.09                0.00                0.00
  58          8092821.87           330351.60          2771450.98          5211499.95                0.00                0.00
  59          2342846.91                0.00                0.00          1830861.33                0.00                0.00
  60            92902.76                0.00           102868.31           401092.54                0.00                0.00
  61           722955.14                0.00            37875.23           166423.09                0.00                0.00
  62           266953.09                0.00           144883.54           702115.73                0.00                0.00
  63                0.00                0.00                0.00           752811.15                0.00                0.00
  64                0.00                0.00                0.00           763897.82                0.00                0.00
  65                0.00                0.00                0.00          1274697.45                0.00                0.00
  66          4244639.52            23795.32          4492384.51          2134725.74                0.00                0.00
  67          6389778.52           267110.20          6618379.97          3189081.20                0.00                0.00
  68          8932532.65          1174847.28          7507308.77          4407207.94                0.00                0.00
  69          9516364.17          1240463.72           512871.19          5077778.37                0.00                0.00
  70          3948534.97           156497.90           272254.21          2156930.08                0.00                0.00
  71           137693.51                0.00           138176.34           407728.66                0.00                0.00
  72           678679.02                0.00           718333.95           549849.14                0.00                0.00
  73          2208199.71                0.00          2175637.13          1129007.93                0.00                0.00
  74           456568.10                0.00           453283.91          1163374.80                0.00                0.00
  75                0.00                0.00                0.00           774881.77                0.00                0.00
  76                0.00                0.00                0.00           966237.73                0.00                0.00
  77                0.00                0.00                0.00          1014028.95                0.00                0.00
  78          4528878.74            31998.87          4990620.54          2324331.03                0.00                0.00
  79          6133832.34           338759.86          6034759.08          3114586.82                0.00                0.00
  80          9774797.57          1883346.25          3031167.00          4869604.71                0.00                0.00
  81          6840282.16          1404484.88          1398015.27          3125643.07                0.00                0.00
  82          2663131.65           200028.02          1389979.83          1486700.24                0.00                0.00
  83           628599.91                0.00           691892.41           456695.73                0.00                0.00
  84           876557.18                0.00           966118.61           446863.66                0.00                0.00
  85           463254.72                0.00           499180.34           235308.26                0.00                0.00
  86           209211.81                0.00           225444.89           243750.12                0.00                0.00
  87                0.00                0.00                0.00           725397.89                0.00                0.00
  88                0.00                0.00                0.00           799289.94                0.00                0.00
  89                0.00                0.00                0.00          1016938.97                0.00                0.00
  90          4169285.15            27460.80          4492501.43          2172374.38                0.00                0.00
  91          6276341.86           308256.30          6555891.57          3150693.71                0.00                0.00
  92          6947060.97          1070386.37          7061567.45          3659025.25                0.00                0.00
  93         10649680.95          1479710.65          6952437.03          5331827.07                0.00                0.00
  94          5908926.40           278115.51           775680.92          5779524.48                0.00                0.00
  95           390147.13                0.00           101510.45          1403748.31                0.00                0.00
  96          1155495.69                0.00          1245104.67          1165406.72                0.00                0.00
  97          2468229.15                0.00          2313771.27          1438379.94                0.00                0.00
  98           832228.53                0.00           901765.06           991945.79                0.00                0.00
  99                0.00                0.00                0.00           725295.18                0.00                0.00
 100                0.00                0.00                0.00           975907.79                0.00                0.00
 101                0.00                0.00                0.00          1658176.78                0.00                0.00
 102          3685583.49            22863.77          3993014.43          1868030.02                0.00                0.00
 103          6239552.12           302562.61          6004530.08          3033498.75                0.00                0.00
 104          8850775.08          1458266.38          2572634.47          4137780.79                0.00                0.00
 105          4036493.53          1353080.52                0.00          2201412.42                0.00                0.00
 106           134770.68           215805.06                0.00           180212.45                0.00                0.00
 107           342984.02                0.00           371647.16           318064.68                0.00                0.00
 108                0.00                0.00                0.00                0.00                0.00                0.00
 109          1053935.41                0.00           966135.51           468744.38                0.00                0.00
 110          1037599.48                0.00          1127151.28          1184752.21                0.00                0.00
 111                0.00                0.00                0.00           718036.06                0.00                0.00
 112                0.00                0.00                0.00           765607.03                0.00                0.00
 113                0.00                0.00                0.00          1317978.07                0.00                0.00
 114          2757048.96            23586.79          2994957.98          1430723.32                0.00                0.00
 115          6670280.61           392653.77          7228632.22          3457182.38                0.00                0.00
 116          8697891.69          1468095.99          7245341.82          4303879.51                0.00                0.00
 117          4724404.22           678492.30           770089.75          2305781.98                0.00                0.00
 118          4314075.07           186428.79          1319791.75          4245633.78                0.00                0.00
 119           106605.51                0.00           115813.62           890882.18                0.00                0.00
 120           269161.02                0.00           292409.94           250251.54                0.00                0.00
 121          2663058.89                0.00          2564881.09          1669007.13                0.00                0.00
 122           831284.54                0.00           901680.91           921148.85                0.00                0.00
 123                0.00                0.00                0.00           712321.81                0.00                0.00
 124                0.00                0.00                0.00           960462.49                0.00                0.00
 125                0.00                0.00                0.00          1125869.48                0.00                0.00
 126          4601753.71            35378.85          4990846.64          2341473.10                0.00                0.00
 127          5787970.61           318180.56          5763812.19          2915001.27                0.00                0.00
 128          2521192.86          1813298.50          1544258.45          1686336.86                0.00                0.00
 129           161819.47            28858.24           163220.31           139687.91                0.00                0.00
 130           734554.08            32105.70           796838.60           624415.83                0.00                0.00
 131                0.00                0.00                0.00                0.00                0.00                0.00
 132           788492.03                0.00           855317.35           644837.37                0.00                0.00
 133           588606.54                0.00           434538.44           307881.50                0.00                0.00
 134           298627.76                0.00           322063.62           885664.55                0.00                0.00
 135                0.00                0.00                0.00           773366.69                0.00                0.00
 136                0.00                0.00                0.00           992283.56                0.00                0.00
 137                0.00                0.00                0.00          1417371.52                0.00                0.00
 138          5554474.23            44785.74          5908115.20          2768119.43                0.00                0.00
 139          6270779.11           347926.37          5565593.31          3089258.78                0.00                0.00
 140          8133854.14          1317960.59          3431269.61          3959178.07                0.00                0.00
 141          6611795.38          1244945.81           193841.51          3461019.17                0.00                0.00
 142           276650.42           122969.29           298361.52          1167027.00                0.00                0.00
 143                0.00                0.00                0.00                0.00                0.00                0.00
 144           210993.46                0.00           227551.91           191218.34                0.00                0.00
 145           418788.22                0.00                0.00                0.00                0.00                0.00
 146           613085.49                0.00           644127.24           909356.76                0.00                0.00
 147                0.00                0.00                0.00           765887.24                0.00                0.00
 148                0.00                0.00                0.00          1003649.07                0.00                0.00
 149                0.00                0.00                0.00          3343495.81                0.00                0.00
 150          5410052.23            43861.89          5989959.96          2908857.83                0.00                0.00
 151          4799240.74           290143.11          5313685.54          2574561.81                0.00                0.00
 152          9013874.68          1709680.01          8981188.64          4515022.10                0.00                0.00
 153         10401194.04          1774816.92          1814356.78          5270657.78                0.00                0.00
 154          7040603.89           219608.23          2323539.85          3259437.69                0.00                0.00
 155          4574635.78                0.00          4856736.24          3713148.23                0.00                0.00
 156           125287.88                0.00           138727.34           365264.56                0.00                0.00
 157           901708.10                0.00                0.00            76623.59                0.00                0.00
 158          1001014.42                0.00          1046685.59          1163004.00                0.00                0.00
 159                0.00                0.00                0.00           761885.79                0.00                0.00
 160                0.00                0.00                0.00          1260927.65                0.00                0.00
 161                0.00                0.00                0.00          2017531.87                0.00                0.00
 162          4244639.52            31685.35          4491696.35          2089615.70                0.00                0.00
 163          7300275.70           362310.77          6917067.69          3546861.78                0.00                0.00
 164          8799172.02          1211621.50          4040285.27          4297078.70                0.00                0.00
 165          7810896.37          1080543.61           286568.32          3967577.51                0.00                0.00
 166          1658807.00           106258.45           262918.04          1206174.62                0.00                0.00
 167           327231.75                0.00           346362.15           333961.29                0.00                0.00
 168                0.00                0.00                0.00                0.00                0.00                0.00
 169          2514310.43                0.00          2563406.33          1300707.72                0.00                0.00
 170          1022650.44                0.00          1127157.84          1162452.91                0.00                0.00
 171                0.00                0.00                0.00          1195083.51                0.00                0.00
 172                0.00                0.00                0.00           972390.90                0.00                0.00
 173                0.00                0.00                0.00          1465220.25                0.00                0.00
 174          4981767.51            47549.20          5489576.68          2560922.27                0.00                0.00
 175          5696100.97           374192.21          5712772.16          2925078.64                0.00                0.00
 176          7685471.55          1444931.86          7343151.90          4019968.50                0.00                0.00
 177          7822188.76          1367589.46          1085068.82          4239126.56                0.00                0.00
 178          6624622.14           234206.07           450888.89          3729945.76                0.00                0.00
 179           579817.40                0.00           138271.39           843195.16                0.00                0.00
 180                0.00                0.00                0.00           172838.33                0.00                0.00
 181           948321.16                0.00           451319.38           383711.56                0.00                0.00
 182           821918.47                0.00           884079.17           949992.03                0.00                0.00
 183                0.00                0.00                0.00           748122.42                0.00                0.00
 184                0.00                0.00                0.00           790320.98                0.00                0.00
 185                0.00                0.00                0.00          1298469.82                0.00                0.00
 186          2779522.82            24377.47          2995075.13          1477461.46                0.00                0.00
 187          5379721.59           313591.29          5795816.77          2784467.30                0.00                0.00
 188          8787708.14          1398049.27          7788938.02          4344250.52                0.00                0.00
 189          9373261.76          1226961.76           913488.75          4846089.03                0.00                0.00
 190          5222474.21           121495.30                0.00          1871354.63                0.00                0.00
 191           968946.97                0.00           965812.88          1065796.03                0.00                0.00
 192                0.00                0.00                0.00           100396.02                0.00                0.00
 193           553922.40                0.00           161776.11           141238.83                0.00                0.00
 194           777435.46                0.00           837365.08           958762.53                0.00                0.00
 195                0.00                0.00                0.00           732282.46                0.00                0.00
 196                0.00                0.00                0.00           695046.48                0.00                0.00
 197                0.00                0.00                0.00          1134120.30                0.00                0.00
 198          4606979.36            38607.69          4963144.65          2292259.27                0.00                0.00
 199          6237571.04           359917.25          5476644.47          3025652.80                0.00                0.00
 200          8861490.88          1582768.46          2111194.95          4493023.10                0.00                0.00
 201          2540799.87          1218788.25            89423.46          2311082.50                0.00                0.00
 202           459927.72            42845.93           460128.51           463126.85                0.00                0.00
 203            77607.04                0.00            84092.65            71968.53                0.00                0.00
 204            84615.69                0.00            91687.01            78467.98                0.00                0.00
 205          3268227.08                0.00          3476963.68          1858318.54                0.00                0.00
 206          1037599.48                0.00          1127130.80          1124974.14                0.00                0.00
 207                0.00                0.00                0.00           734027.11                0.00                0.00
 208                0.00                0.00                0.00           763119.51                0.00                0.00
 209                0.00                0.00                0.00          1458207.54                0.00                0.00
 210          3676065.28            40842.93          3992801.89          1886855.65                0.00                0.00
 211          5779062.52           401882.24          5617533.32          2823378.94                0.00                0.00
 212          8602085.72          1504583.87          4673706.83          4269490.02                0.00                0.00
 213          7140338.69          1219609.56           256606.40          3851988.54                0.00                0.00
 214                0.00            93064.23                0.00          1045530.52                0.00                0.00
 215                0.00                0.00                0.00                0.00                0.00                0.00
 216                0.00                0.00                0.00                0.00                0.00                0.00
 217           825229.56                0.00           502209.66           358594.54                0.00                0.00
 218          1039106.09                0.00          1127195.29          1166384.83                0.00                0.00
 219                0.00                0.00                0.00           734113.86                0.00                0.00
 220                0.00                0.00                0.00           945723.66                0.00                0.00
 221                0.00                0.00                0.00          1132232.99                0.00                0.00
 222          3681402.97            31133.39          3993210.35          1882462.39                0.00                0.00
 223          6232730.92           362798.29          6083640.25          3027145.28                0.00                0.00
 224          9145444.00          1530432.79          7284441.13          4616785.60                0.00                0.00
 225          4748388.87          1411336.92          3575992.87          5085507.85                0.00                0.00
 226                0.00           201500.83                0.00           852274.77                0.00                0.00
 227           316477.96                0.00           343315.41           293546.47                0.00                0.00
 228            61843.68                0.00            67088.04            57415.58                0.00                0.00
 229          2705887.55                0.00          2845495.92          1412463.41                0.00                0.00
 230           810629.41                0.00           874238.48          1194469.10                0.00                0.00
 231                0.00                0.00                0.00           735969.80                0.00                0.00
 232                0.00                0.00                0.00           770034.97                0.00                0.00
 233                0.00                0.00                0.00          1352993.23                0.00                0.00
 234          4165856.58            36788.29          4492416.07          2166437.58                0.00                0.00
 235          5375297.64           315495.81          5793548.80          2789207.18                0.00                0.00
 236          7405965.64          1183565.18          7253844.47          3735551.22                0.00                0.00
 237          9529355.92          1249936.61          3348160.08          4687900.00                0.00                0.00
 238           628058.87           155739.06           471877.17          3821804.04                0.00                0.00
 239                0.00                0.00                0.00                0.00                0.00                0.00
 240          1343689.39                0.00          1449061.45          1091645.40                0.00                0.00
 241          1730420.68                0.00          1500757.52           784695.36                0.00                0.00
 242           814416.46                0.00           901714.36           935724.12                0.00                0.00
 243                0.00                0.00                0.00           770511.42                0.00                0.00
 244                0.00                0.00                0.00           936590.31                0.00                0.00
 245                0.00                0.00                0.00          1076545.32                0.00                0.00
 246          3155864.69            34069.92          3494342.27          1782817.67                0.00                0.00
 247          4799240.74           344358.73          5281591.12          2490248.23                0.00                0.00
 248          6759764.86          1322890.14          6545824.97          3499332.21                0.00                0.00
 249          9025928.92          1434644.55          5092893.32          4649383.76                0.00                0.00
 250          6744814.16           159740.15          1010833.21          4154583.85                0.00                0.00
 251          2807782.88                0.00           315367.47          1804321.36                0.00                0.00
 252           116644.04                0.00            90993.06           488658.19                0.00                0.00
 253          2321081.15                0.00          2155173.58          1594948.77                0.00                0.00
 254           442257.61                0.00           336273.36           718841.19                0.00                0.00
 255                0.00                0.00                0.00           779542.41                0.00                0.00
 256                0.00                0.00                0.00           879804.37                0.00                0.00
 257                0.00                0.00                0.00          1513125.62                0.00                0.00
 258          3549470.66            12930.54          3756792.34          1867994.02                0.00                0.00
 259          5816555.78           218924.34          6155240.20          2886178.27                0.00                0.00
 260          9092801.94          1153200.88          7600486.74          4313124.16                0.00                0.00
 261          6348997.98          1044302.50          1288414.59          4133647.60                0.00                0.00
 262          1157326.62           181304.51           156557.14          1220677.08                0.00                0.00
 263           141436.10                0.00                0.00                0.00                0.00                0.00
 264                0.00                0.00                0.00                0.00                0.00                0.00
 265          1028416.34                0.00           936847.24           481071.53                0.00                0.00
 266           857447.83                0.00           945054.73           922159.83                0.00                0.00
 267                0.00                0.00                0.00          1202617.83                0.00                0.00
 268                0.00                0.00                0.00          1043898.34                0.00                0.00
 269                0.00                0.00                0.00          1350280.41                0.00                0.00
 270          4440294.02            27278.25          4893470.40          2296036.51                0.00                0.00
 271          6278029.56           357492.18          6472606.77          3165242.42                0.00                0.00
 272          8460776.22          1486372.06          6961503.03          4254627.13                0.00                0.00
 273          8181440.26          1651740.64           397751.46          4467003.65                0.00                0.00
 274          2398102.32           324366.57          2431630.47          3082912.13                0.00                0.00
 275          1177306.19                0.00          1297629.73          1417873.74                0.00                0.00
 276          1424439.47                0.00          1570035.73           851993.67                0.00                0.00
 277          2083053.80                0.00          1694687.34          1579876.29                0.00                0.00
 278           208761.82                0.00            66999.40           576328.30                0.00                0.00
 279                0.00                0.00                0.00           867659.17                0.00                0.00
 280                0.00                0.00                0.00          1097996.65                0.00                0.00
 281                0.00                0.00                0.00          1240625.92                0.00                0.00
 282          4460147.54            21014.85          4805524.33          2282818.79                0.00                0.00
 283          6263544.35           268810.44          6316348.04          3066782.86                0.00                0.00
 284          7892889.58          1333193.73          4795279.40          4241723.65                0.00                0.00
 285           972110.79          1081174.00           580311.57          1582413.58                0.00                0.00
 286           354867.13            24446.63           382401.84           327268.80                0.00                0.00
 287           476269.04                0.00           513223.53           403602.32                0.00                0.00
 288          1327912.81                0.00          1430843.45           743538.60                0.00                0.00
 289          3594667.04                0.00          3812692.90          2044230.59                0.00                0.00
 290          1014539.81                0.00          1099243.09           891078.91                0.00                0.00
 291                0.00                0.00                0.00           686634.86                0.00                0.00
 292                0.00                0.00                0.00          1217202.85                0.00                0.00
 293                0.00                0.00                0.00          1650583.76                0.00                0.00
 294          4675425.40            28584.46          5064980.16          2355370.63                0.00                0.00
 295          6356823.55           304522.26          6027777.51          3086082.85                0.00                0.00
 296          8615486.38          1330107.04          5309793.63          4299985.78                0.00                0.00
 297          8028486.66          1571932.45           798124.81          3978113.32                0.00                0.00
 298          3214586.94           250887.51          1078908.57          1769367.46                0.00                0.00
 299           487747.37                0.00           528508.37           749843.06                0.00                0.00
 300            95966.55                0.00           103986.47           125053.91                0.00                0.00
 301          1196306.65                0.00           880489.42           601793.17                0.00                0.00
 302           630027.23                0.00           647018.63           907062.88                0.00                0.00
 303                0.00                0.00                0.00           519757.75                0.00                0.00
 304                0.00                0.00                0.00           628094.01                0.00                0.00
 305                0.00                0.00                0.00          1107450.04                0.00                0.00
 306          4103702.08            29670.60          4457821.12          2125382.49                0.00                0.00
 307          7386729.93           329437.24          7655700.52          3711362.73                0.00                0.00
 308          8847555.01          1439709.01          5901279.59          4418427.80                0.00                0.00
 309          8132101.91          1521932.79           724550.86          4537646.99                0.00                0.00
 310          3819420.19           246561.61                0.00          1482504.26                0.00                0.00
 311            10311.43                0.00                0.00           348259.30                0.00                0.00
 312                0.00                0.00                0.00            89048.31                0.00                0.00
 313          1855268.07                0.00          1874582.03          1066882.74                0.00                0.00
 314          1061311.70                0.00          1151236.67          1021513.79                0.00                0.00
 315                0.00                0.00                0.00           392472.41                0.00                0.00
 316                0.00                0.00                0.00           452570.61                0.00                0.00
 317                0.00                0.00                0.00          1127500.52                0.00                0.00
 318          3873553.92            24554.01          4201796.48          2042947.06                0.00                0.00
 319          6108386.48           283125.40          6625205.26          3155912.87                0.00                0.00
 320          9541656.57          1508928.53          8304903.04          4638821.87                0.00                0.00
 321          8954960.26          1352800.36          1065815.73          4678543.45                0.00                0.00
 322          5362034.97           197509.21                0.00          1917189.21                0.00                0.00
 323          1294572.10                0.00          1194116.90          1214015.66                0.00                0.00
 324           244282.52                0.00           264997.77           364530.24                0.00                0.00
 325           936389.22                0.00           610105.42           491356.34                0.00                0.00
 326           768735.81                0.00           812764.93           714096.91                0.00                0.00
 327                0.00                0.00                0.00           464544.18                0.00                0.00
 328                0.00                0.00                0.00           678425.83                0.00                0.00
 329                0.00                0.00                0.00          1313273.61                0.00                0.00
 330          4389465.05            29357.61          4733645.89          2305040.04                0.00                0.00
 331          6105394.95           273712.45          6569405.26          3115047.57                0.00                0.00
 332          8870634.48          1316763.12          8722428.96          4482818.76                0.00                0.00
 333          1154632.66          1296332.84           789460.97          3649876.56                0.00                0.00
 334           449076.81            24472.25           483033.91           384856.84                0.00                0.00
 335                0.00                0.00                0.00                0.00                0.00                0.00
 336                0.00                0.00                0.00                0.00                0.00                0.00
 337           905610.72                0.00           962236.56           753535.58                0.00                0.00
 338                0.00                0.00                0.00           199731.70                0.00                0.00
 339                0.00                0.00                0.00           482908.59                0.00                0.00
 340                0.00                0.00                0.00           743952.56                0.00                0.00
 341                0.00                0.00                0.00           978944.40                0.00                0.00
 342          4235255.01            31601.22          4689129.61          2228642.75                0.00                0.00
 343          6170790.39           361548.79          6564288.52          3218230.56                0.00                0.00
 344          8492374.25          1525357.94          6928187.36          4370606.11                0.00                0.00
 345          8101888.71          1819423.54            21791.96          4859723.80                0.00                0.00
 346                0.00           279122.10                0.00          1699082.02                0.00                0.00
 347          2170390.32                0.00          2403022.36          1781628.98                0.00                0.00
 348          1464909.88                0.00          1622001.05          1194289.77                0.00                0.00
 349          1753868.30                0.00          1314945.15          1019591.12                0.00                0.00
 350           166296.52                0.00                0.00            75416.85                0.00                0.00
 351                0.00                0.00                0.00           521670.20                0.00                0.00
 352                0.00                0.00                0.00           650847.25                0.00                0.00
 353                0.00                0.00                0.00          1505947.78                0.00                0.00
 354          4759980.31            21736.93          5023739.01          2306769.85                0.00                0.00
 355          7082170.74           282587.32          6024338.99          3574257.55                0.00                0.00
 356          2256183.94          1087843.85          2077351.09          1796390.50                0.00                0.00
 357          2084075.49           573291.93          2205771.43          1746929.25                0.00                0.00
 358           909291.84                0.00           962450.23           763783.95                0.00                0.00
 359           167166.67                0.00           176939.45           151429.09                0.00                0.00
 360                0.00                0.00                0.00                0.00                0.00                0.00
 361           124058.56                0.00                0.00                0.00                0.00                0.00
 362           269747.06                0.00           297330.33           483993.79                0.00                0.00
 363                0.00                0.00                0.00           415796.87                0.00                0.00
 364                0.00                0.00                0.00           624696.93                0.00                0.00
 365                0.00                0.00                0.00          1191098.62                0.00                0.00
 366          5321450.81            39382.32          5864012.65          2686884.60                0.00                0.00
 367          7706212.54           382596.96          6844215.47          3783734.90                0.00                0.00
 368          6254205.80          1728289.30           865328.88          4272673.87                0.00                0.00
 369          1098224.04          1067387.37          1210524.12          1832152.89                0.00                0.00
 370                0.00                0.00                0.00                0.00                0.00                0.00
 371          1094441.28                0.00          1206262.71           881555.28                0.00                0.00
 372          2809581.21                0.00          3096642.30          2057737.10                0.00                0.00
 373          1768060.46                0.00          1437404.67           991093.37                0.00                0.00
 374           702468.83                0.00           756973.24           813914.06                0.00                0.00
 375                0.00                0.00                0.00           402466.27                0.00                0.00
 376                0.00                0.00                0.00           830027.10                0.00                0.00
 377                0.00                0.00                0.00          1401295.54                0.00                0.00
 378          5307934.46            32736.59          5718265.55          2604940.24                0.00                0.00
 379          6368988.45           272886.06          6310177.38          3210750.81                0.00                0.00
 380          8573705.99          1297794.67          4738514.62          4143801.95                0.00                0.00
 381          4879276.10          1429627.32          2749816.80          4677097.91                0.00                0.00
 382           621760.42           245049.12           669998.86          1431035.17                0.00                0.00
 383           303577.95                0.00           327133.05           279968.42                0.00                0.00
 384           269713.75                0.00           290641.28           230953.42                0.00                0.00
 385           576285.13                0.00           289662.60           239180.02                0.00                0.00
 386           810344.66                0.00           878063.58           862009.80                0.00                0.00
 387                0.00                0.00                0.00           304761.59                0.00                0.00
 388                0.00                0.00                0.00           784195.14                0.00                0.00
 389                0.00                0.00                0.00          1292118.14                0.00                0.00
 390          3243133.90            23090.75          3513974.43          1715722.28                0.00                0.00
 391          6825628.30           331401.65          6926539.06          3435320.04                0.00                0.00
 392          9171420.90          1491565.71          5658224.26          4565997.97                0.00                0.00
 393          7812562.55          1423217.48          1547843.99          4465009.55                0.00                0.00
 394          1871017.77           282378.80                0.00          1780928.82                0.00                0.00
 395           780807.81                0.00           846056.90           835858.94                0.00                0.00
 396          1250504.83                0.00          1354929.18           785621.15                0.00                0.00
 397          1246683.27                0.00           920360.84           926761.01                0.00                0.00
 398           707073.45                0.00           753711.04           816905.95                0.00                0.00
 399                0.00                0.00                0.00           361646.75                0.00                0.00
 400                0.00                0.00                0.00           626122.49                0.00                0.00
 401                0.00                0.00                0.00          1100576.21                0.00                0.00
 402          3987570.58            23724.75          4331668.22          2056501.98                0.00                0.00
 403          6558358.50           301899.59          6825153.81          3223775.04                0.00                0.00
 404          9896592.32          1623588.96          5340549.72          4811708.30                0.00                0.00
 405          2654997.11          1305278.74                0.00          3930848.99                0.00                0.00
 406            17033.92                0.00                0.00            19608.46                0.00                0.00
 407           494693.35                0.00           537422.75           435381.04                0.00                0.00
 408           210915.84                0.00           229133.80           179634.25                0.00                0.00
 409           653466.61                0.00           598152.50           455937.28                0.00                0.00
 410           856763.74                0.00           929361.06           667960.80                0.00                0.00
 411                0.00                0.00                0.00           403959.37                0.00                0.00
 412                0.00                0.00                0.00           705428.30                0.00                0.00
 413                0.00                0.00                0.00           893803.07                0.00                0.00
 414          4255181.97            27861.39          4615650.51          2179136.50                0.00                0.00
 415          7042878.44           317609.95          7435290.70          3479213.69                0.00                0.00
 416          9576160.44          1528878.79          5098434.33          4611989.77                0.00                0.00
 417          7719733.45          1282688.32                0.00          3459963.70                0.00                0.00
 418          2602304.92           190361.33           285285.71          1006614.92                0.00                0.00
 419           935723.96                0.00          1014996.63           965269.76                0.00                0.00
 420           914245.33                0.00           991706.98           754501.64                0.00                0.00
