               Stress_Period  Alfalfa_Irrigated             Grain_Irrigated               Pasture_Irrigated             Native_Vegetation             Urban_Barren                  Water                         
   1          4579574.85                0.00          3157192.20          1253567.57                0.00                0.00
   2           997283.30                0.00           802077.33          1499358.61                0.00                0.00
   3                0.00                0.00                0.00           938806.34                0.00                0.00
   4                0.00                0.00                0.00          1253758.93                0.00                0.00
   5                0.00                0.00                0.00          1648374.27                0.00                0.00
   6          5033201.08                0.00          4916222.19          3467974.97                0.00                0.00
   7          5313642.42                0.00          4904657.37          3507322.63                0.00                0.00
   8          5741856.65                0.00          4895425.65          3116571.90                0.00                0.00
   9          8157903.82                0.00          6584281.77          2311089.52                0.00                0.00
  10         11264981.00                0.00          8821501.58          1461962.31                0.00                0.00
  11          9530794.01                0.00          5773506.53           527150.16                0.00                0.00
  12          6794788.20                0.00          3413446.88           135191.12                0.00                0.00
  13          4103223.13                0.00          2919400.46           722893.27                0.00                0.00
  14           752295.30                0.00           563006.72          1243548.60                0.00                0.00
  15                0.00                0.00                0.00           928989.98                0.00                0.00
  16                0.00                0.00                0.00          1259529.81                0.00                0.00
  17                0.00                0.00                0.00          1696717.57                0.00                0.00
  18          4575636.53                0.00          4469477.47          3103372.74                0.00                0.00
  19          6642053.90                0.00          6088937.95          4011648.17                0.00                0.00
  20          8195890.06                0.00          6596336.82          1946934.54                0.00                0.00
  21         10360626.03                0.00          8713735.02          3448715.98                0.00                0.00
  22         11184022.78                0.00          8358696.89          1471256.72                0.00                0.00
  23         10724458.04                0.00          5270430.89                0.00                0.00                0.00
  24          7207878.24                0.00          4328778.46           296388.16                0.00                0.00
  25          4352498.91                0.00          3816232.71          2302092.14                0.00                0.00
  26          1033208.66                0.00          1009279.04          1505283.72                0.00                0.00
  27                0.00                0.00                0.00           969414.77                0.00                0.00
  28                0.00                0.00                0.00           971306.46                0.00                0.00
  29                0.00                0.00                0.00          1372004.59                0.00                0.00
  30          4575636.53                0.00          4469792.54          3166941.17                0.00                0.00
  31          5756446.83                0.00          5583813.14          3921783.35                0.00                0.00
  32          8236145.75                0.00          7395654.15          5073089.01                0.00                0.00
  33         10586246.22                0.00          8831773.10          5550713.25                0.00                0.00
  34         10405223.86                0.00          7837414.70           587032.52                0.00                0.00
  35          9633248.29                0.00          7632525.53          1650128.22                0.00                0.00
  36          7619621.50                0.00          5709883.18           399156.60                0.00                0.00
  37          4629053.05                0.00          3534896.79          1247255.06                0.00                0.00
  38           920642.27                0.00           560255.26           527243.12                0.00                0.00
  39                0.00                0.00                0.00           946999.57                0.00                0.00
  40                0.00                0.00                0.00           944765.37                0.00                0.00
  41                0.00                0.00                0.00          1358803.91                0.00                0.00
  42          5033201.08                0.00          4896973.27          3224630.14                0.00                0.00
  43          6024736.62                0.00          4998847.85          1572664.50                0.00                0.00
  44          8486967.81                0.00          6972964.10          2701653.28                0.00                0.00
  45          9979335.19                0.00          7582947.75                0.00                0.00                0.00
  46         12786854.63                0.00          7217368.88                0.00                0.00                0.00
  47         10311011.67                0.00          4153348.30                0.00                0.00                0.00
  48          7406191.95                0.00          3382517.73           350943.23                0.00                0.00
  49          2941079.44                0.00          2334348.00            51955.61                0.00                0.00
  50           826566.60                0.00           807511.92          1271396.86                0.00                0.00
  51                0.00                0.00                0.00           948140.77                0.00                0.00
  52                0.00                0.00                0.00           673348.35                0.00                0.00
  53                0.00                0.00                0.00          2163252.39                0.00                0.00
  54          3660509.22                0.00          3575968.49          2586249.24                0.00                0.00
  55          5756446.83                0.00          5623387.70          3995305.10                0.00                0.00
  56          8693710.31                0.00          7970691.53          5809543.71                0.00                0.00
  57         10130283.89                0.00          8079692.74          4119694.58                0.00                0.00
  58         10877106.63                0.00          8578734.12          3064275.06                0.00                0.00
  59         10403278.20                0.00          7828387.27                0.00                0.00                0.00
  60          7194411.20                0.00          5402282.18           112888.27                0.00                0.00
  61          4455289.44                0.00          3174072.82            41564.49                0.00                0.00
  62          1078549.61                0.00           683330.79           875743.97                0.00                0.00
  63                0.00                0.00                0.00           982519.98                0.00                0.00
  64                0.00                0.00                0.00           993606.65                0.00                0.00
  65                0.00                0.00                0.00          1699827.30                0.00                0.00
  66          4118073.78                0.00          4022770.24          2818578.26                0.00                0.00
  67          6199249.49                0.00          5924341.79          4209919.63                0.00                0.00
  68          8686821.93                0.00          7564371.66          4790838.79                0.00                0.00
  69         11081563.92                0.00          8022696.93          1254771.19                0.00                0.00
  70         12535205.70                0.00          9469500.27           298773.33                0.00                0.00
  71         11149417.23                0.00          7430979.95           151635.51                0.00                0.00
  72          6815787.77                0.00          4450055.14           723390.47                0.00                0.00
  73          4225535.21                0.00          3716803.10          1474805.94                0.00                0.00
  74           934992.25                0.00           804097.69          1533308.36                0.00                0.00
  75                0.00                0.00                0.00          1004590.60                0.00                0.00
  76                0.00                0.00                0.00          1272515.97                0.00                0.00
  77                0.00                0.00                0.00          1357162.07                0.00                0.00
  78          4575636.53                0.00          4468965.23          3060767.19                0.00                0.00
  79          6199249.49                0.00          5515823.34          3373725.65                0.00                0.00
  80         10386530.82                0.00          7838197.35          1532427.88                0.00                0.00
  81          9961568.66                0.00          7655139.50          1332044.48                0.00                0.00
  82          7189037.04                0.00          5701109.13          1403996.84                0.00                0.00
  83           887447.83                0.00           812060.60           609834.85                0.00                0.00
  84           885607.07                0.00           865195.61           595062.81                0.00                0.00
  85           457564.55                0.00           447012.23           311877.97                0.00                0.00
  86           206642.06                0.00           201879.37           317849.84                0.00                0.00
  87                0.00                0.00                0.00           955106.72                0.00                0.00
  88                0.00                0.00                0.00          1028998.77                0.00                0.00
  89                0.00                0.00                0.00          1359587.08                0.00                0.00
  90          4118073.78                0.00          4022875.19          2854188.30                0.00                0.00
  91          6199249.49                0.00          5872407.39          4107766.15                0.00                0.00
  92          6863455.70                0.00          6435346.98          4681131.66                0.00                0.00
  93         10600265.46                0.00          8931382.68          5966631.89                0.00                0.00
  94         12772029.61                0.00          9612369.39          1588089.32                0.00                0.00
  95         11146105.80                0.00          8485657.39           111398.15                0.00                0.00
  96          7696749.36                0.00          6077944.40          1260770.44                0.00                0.00
  97          4325044.31                0.00          3753649.33          1841012.78                0.00                0.00
  98           826566.60                0.00           807503.18          1288344.08                0.00                0.00
  99                0.00                0.00                0.00           955004.01                0.00                0.00
 100                0.00                0.00                0.00          1282156.15                0.00                0.00
 101                0.00                0.00                0.00          2207568.93                0.00                0.00
 102          3660509.22                0.00          3575598.76          2456655.66                0.00                0.00
 103          6199249.49                0.00          5525021.61          2769003.61                0.00                0.00
 104          9062474.63                0.00          6782486.77           890375.03                0.00                0.00
 105         10177176.49                0.00          7584594.87                0.00                0.00                0.00
 106         11961896.32                0.00          9091400.95                0.00                0.00                0.00
 107          9933064.59                0.00          7598701.39           407847.73                0.00                0.00
 108          7846665.72                0.00          5600747.48                0.00                0.00                0.00
 109          4063216.86                0.00          3851401.58           616943.53                0.00                0.00
 110          1033208.66                0.00          1009323.89          1555224.70                0.00                0.00
 111                0.00                0.00                0.00           947744.89                0.00                0.00
 112                0.00                0.00                0.00           995315.86                0.00                0.00
 113                0.00                0.00                0.00          1746659.10                0.00                0.00
 114          2745381.92                0.00          2681873.89          1888763.19                0.00                0.00
 115          6642053.90                0.00          6473043.12          4547801.34                0.00                0.00
 116          8685859.60                0.00          7412913.26          4072479.06                0.00                0.00
 117          4831812.88                0.00          3541173.15          1183759.38                0.00                0.00
 118         10222791.14                0.00          7876688.46          1467307.36                0.00                0.00
 119         10322439.26                0.00          7263034.99           127094.53                0.00                0.00
 120          7190191.09                0.00          4384952.06           320892.35                0.00                0.00
 121          4269125.62                0.00          3820433.85          2196305.15                0.00                0.00
 122           826566.60                0.00           807419.03          1217511.12                0.00                0.00
 123                0.00                0.00                0.00           942030.64                0.00                0.00
 124                0.00                0.00                0.00          1266736.07                0.00                0.00
 125                0.00                0.00                0.00          1471667.63                0.00                0.00
 126          4575636.53                0.00          4469150.48          3097556.74                0.00                0.00
 127          5756446.83                0.00          5224747.88          3652444.85                0.00                0.00
 128         10060997.78                0.00          7868079.98          1492457.22                0.00                0.00
 129         10393248.82                0.00          7906334.78           179118.91                0.00                0.00
 130         12033862.36                0.00          6248140.99           816918.66                0.00                0.00
 131         11124547.86                0.00          4419858.28                0.00                0.00                0.00
 132          7120699.55                0.00          3663011.51           851473.27                0.00                0.00
 133          3231037.40                0.00          2463274.68           398455.96                0.00                0.00
 134           650404.10                0.00           523915.93          1147065.17                0.00                0.00
 135                0.00                0.00                0.00          1003075.52                0.00                0.00
 136                0.00                0.00                0.00          1298561.80                0.00                0.00
 137                0.00                0.00                0.00          1832329.13                0.00                0.00
 138          5490763.84                0.00          5283266.99          3641457.76                0.00                0.00
 139          6199225.06                0.00          5264626.13          2757821.27                0.00                0.00
 140          8188553.04                0.00          6498577.81          2964870.59                0.00                0.00
 141          9543595.03                0.00          7029674.33           304318.75                0.00                0.00
 142         11163884.16                0.00          8521021.40           327423.65                0.00                0.00
 143         10724458.04                0.00          6221738.60                0.00                0.00                0.00
 144          7902875.56                0.00          3814624.26           246190.65                0.00                0.00
 145          3848625.56                0.00          2410545.20                0.00                0.00                0.00
 146           837381.51                0.00           720423.89          1205334.53                0.00                0.00
 147                0.00                0.00                0.00           995177.52                0.00                0.00
 148                0.00                0.00                0.00          1309927.31                0.00                0.00
 149                0.00                0.00                0.00          4311730.24                0.00                0.00
 150          5490763.84                0.00          5363791.77          3826817.13                0.00                0.00
 151          4870839.76                0.00          4758336.48          3387337.21                0.00                0.00
 152          9151273.06                0.00          8295395.56          5034648.54                0.00                0.00
 153         12055191.64                0.00          8863185.22           934637.77                0.00                0.00
 154         13195772.42                0.00         10339449.27          2336997.81                0.00                0.00
 155         10339131.23                0.00          8820374.50          4558024.24                0.00                0.00
 156          7596823.92                0.00          5433315.03           152240.18                0.00                0.00
 157          4827873.67                0.00          3192088.75                0.00                0.00                0.00
 158          1021521.03                0.00           974182.13          1520743.79                0.00                0.00
 159                0.00                0.00                0.00           991594.62                0.00                0.00
 160                0.00                0.00                0.00          1643775.60                0.00                0.00
 161                0.00                0.00                0.00          2590568.57                0.00                0.00
 162          4118073.78                0.00          4022176.16          2767197.07                0.00                0.00
 163          7084856.56                0.00          6352850.61          4213403.19                0.00                0.00
 164          8658009.60                0.00          6874866.90          2922115.46                0.00                0.00
 165         10807498.87                0.00          7964626.80           464103.12                0.00                0.00
 166         12855363.24                0.00          9759008.13           288527.76                0.00                0.00
 167         10755739.31                0.00          6468144.34           380099.81                0.00                0.00
 168          7359005.91                0.00          3748023.07                0.00                0.00                0.00
 169          4140698.24                0.00          3820520.48          1706969.91                0.00                0.00
 170          1033208.66                0.00          1009330.45          1532513.32                0.00                0.00
 171                0.00                0.00                0.00          1577756.94                0.00                0.00
 172                0.00                0.00                0.00          1278669.14                0.00                0.00
 173                0.00                0.00                0.00          1880177.87                0.00                0.00
 174          5033201.08                0.00          4915777.59          3385361.15                0.00                0.00
 175          5756446.83                0.00          5193962.32          3667204.70                0.00                0.00
 176          7775172.53                0.00          7080367.17          4868153.04                0.00                0.00
 177          8667642.50                0.00          6342617.09          2271380.37                0.00                0.00
 178         11849676.39                0.00          8894348.33           372175.10                0.00                0.00
 179         11569897.96                0.00          7755456.36           286084.61                0.00                0.00
 180          6781099.76                0.00          3720184.57                0.00                0.00                0.00
 181          3892467.47                0.00          2599488.15           465419.95                0.00                0.00
 182           823497.72                0.00           797785.86          1246390.32                0.00                0.00
 183                0.00                0.00                0.00           977831.25                0.00                0.00
 184                0.00                0.00                0.00          1020029.81                0.00                0.00
 185                0.00                0.00                0.00          1713427.43                0.00                0.00
 186          2745381.92                0.00          2681991.04          1936878.82                0.00                0.00
 187          5313642.42                0.00          5190809.46          3668286.12                0.00                0.00
 188          8690441.67                0.00          7562227.58          4388755.81                0.00                0.00
 189         10720535.43                0.00          7812715.89          1151638.88                0.00                0.00
 190         12570538.39                0.00          9395979.68                0.00                0.00                0.00
 191          9986836.31                0.00          6783067.71           987271.07                0.00                0.00
 192          6977938.08                0.00          4329045.70                0.00                0.00                0.00
 193          3308206.80                0.00          2684676.25           168433.52                0.00                0.00
 194           802004.68                0.00           779362.92          1245271.21                0.00                0.00
 195                0.00                0.00                0.00           961991.30                0.00                0.00
 196                0.00                0.00                0.00           924736.46                0.00                0.00
 197                0.00                0.00                0.00          1479918.45                0.00                0.00
 198          4575636.53                0.00          4441882.99          3024852.43                0.00                0.00
 199          6199218.94                0.00          5225573.12          2510352.04                0.00                0.00
 200          9446849.71                0.00          7091953.11          1723621.47                0.00                0.00
 201          9696810.53                0.00          7304734.75            98133.82                0.00                0.00
 202         11178493.95                0.00          7975724.72           476809.53                0.00                0.00
 203          9907094.45                0.00          5020060.07            92283.75                0.00                0.00
 204          6203824.62                0.00          3059120.16           100617.86                0.00                0.00
 205          3573422.81                0.00          3437890.49          2448350.29                0.00                0.00
 206          1033208.66                0.00          1009303.40          1495076.78                0.00                0.00
 207                0.00                0.00                0.00           963735.94                0.00                0.00
 208                0.00                0.00                0.00           992828.34                0.00                0.00
 209                0.00                0.00                0.00          1887985.07                0.00                0.00
 210          3660509.22                0.00          3575412.48          2493401.81                0.00                0.00
 211          5756446.83                0.00          5137790.38          3235855.82                0.00                0.00
 212          8665230.53                0.00          7005448.43          2593285.30                0.00                0.00
 213         10028735.20                0.00          7349845.30           886091.95                0.00                0.00
 214         11136938.01                0.00          8450950.10                0.00                0.00                0.00
 215          9899499.73                0.00          6381849.36                0.00                0.00                0.00
 216          6959055.26                0.00          3843922.06                0.00                0.00                0.00
 217          3518340.83                0.00          2733958.89           465716.64                0.00                0.00
 218          1033208.66                0.00          1009367.90          1536364.42                0.00                0.00
 219                0.00                0.00                0.00           962175.68                0.00                0.00
 220                0.00                0.00                0.00          1251987.29                0.00                0.00
 221                0.00                0.00                0.00          1478031.14                0.00                0.00
 222          3660509.22                0.00          3575774.20          2493485.05                0.00                0.00
 223          6199249.49                0.00          5570773.40          3509181.31                0.00                0.00
 224          9137086.50                0.00          8023827.16          5020297.03                0.00                0.00
 225          9608883.75                0.00          7932468.71          4229788.35                0.00                0.00
 226         11549416.35                0.00          8706847.81            49026.98                0.00                0.00
 227          9930505.84                0.00          5251284.23           376485.09                0.00                0.00
 228          7582071.60                0.00          3596589.13            73622.80                0.00                0.00
 229          4242976.34                0.00          3871812.14          1876431.64                0.00                0.00
 230           986142.39                0.00           923776.56          1563346.35                0.00                0.00
 231                0.00                0.00                0.00           965678.63                0.00                0.00
 232                0.00                0.00                0.00           999743.80                0.00                0.00
 233                0.00                0.00                0.00          1767950.85                0.00                0.00
 234          4118073.78                0.00          4022801.87          2853167.07                0.00                0.00
 235          5313642.42                0.00          5188674.20          3676987.66                0.00                0.00
 236          7321018.45                0.00          6644850.00          4807166.14                0.00                0.00
 237          9660222.38                0.00          7388796.46          2655732.99                0.00                0.00
 238         11604350.69                0.00          8904117.29           594460.30                0.00                0.00
 239          9899499.73                0.00          7497742.50                0.00                0.00                0.00
 240          7294205.81                0.00          5431294.14          1440904.31                0.00                0.00
 241          3942991.44                0.00          3497976.46          1019433.84                0.00                0.00
 242           826566.60                0.00           807452.48          1232122.41                0.00                0.00
 243                0.00                0.00                0.00          1000220.25                0.00                0.00
 244                0.00                0.00                0.00          1242868.55                0.00                0.00
 245                0.00                0.00                0.00          1422047.28                0.00                0.00
 246          3202946.47                0.00          3129077.39          2318804.74                0.00                0.00
 247          4870839.76                0.00          4730054.87          3281208.38                0.00                0.00
 248          6863455.70                0.00          6102331.51          3741714.47                0.00                0.00
 249          9265990.63                0.00          7610190.97          4170694.82                0.00                0.00
 250          9115130.70                0.00          6853809.09          1615540.71                0.00                0.00
 251          8783123.66                0.00          6667233.77           330699.11                0.00                0.00
 252          8339464.11                0.00          6365985.74            99856.30                0.00                0.00
 253          3400669.67                0.00          3137401.96          2092512.74                0.00                0.00
 254           940614.19                0.00           834050.37           912704.37                0.00                0.00
 255                0.00                0.00                0.00          1020725.80                0.00                0.00
 256                0.00                0.00                0.00          1165092.05                0.00                0.00
 257                0.00                0.00                0.00          2001855.59                0.00                0.00
 258          3443633.31                0.00          3364079.47          2443597.32                0.00                0.00
 259          5643118.98                0.00          5512660.26          3815672.78                0.00                0.00
 260          8841004.75                0.00          7604362.58          3532388.26                0.00                0.00
 261          8744658.97                0.00          6580430.15          1546166.59                0.00                0.00
 262          9505227.18                0.00          7252899.16           171806.70                0.00                0.00
 263          9028005.80                0.00          6092856.24                0.00                0.00                0.00
 264          6718685.06                0.00          3687783.88                0.00                0.00                0.00
 265          3390485.82                0.00          2899387.35           628622.10                0.00                0.00
 266           999362.30                0.00           933297.30          1216216.86                0.00                0.00
 267                0.00                0.00                0.00          1566599.66                0.00                0.00
 268                0.00                0.00                0.00          1377831.98                0.00                0.00
 269                0.00                0.00                0.00          1796854.36                0.00                0.00
 270          4486137.22                0.00          4381928.72          3025753.89                0.00                0.00
 271          6343932.65                0.00          5849480.76          3899446.36                0.00                0.00
 272          8579909.00                0.00          7487396.98          4215776.48                0.00                0.00
 273          9939893.55                0.00          7184885.23           997594.56                0.00                0.00
 274         10661866.17                0.00          8421690.08          2014262.43                0.00                0.00
 275          8475203.07                0.00          5123568.93          1665655.94                0.00                0.00
 276          6005762.01                0.00          4030683.65          1111698.23                0.00                0.00
 277          4424969.74                0.00          3673728.66          2099608.41                0.00                0.00
 278          1251208.57                0.00           570277.37           766337.50                0.00                0.00
 279                0.00                0.00                0.00          1154031.81                0.00                0.00
 280                0.00                0.00                0.00          1452501.15                0.00                0.00
 281                0.00                0.00                0.00          1626001.29                0.00                0.00
 282          4405363.51                0.00          4303174.82          3012285.41                0.00                0.00
 283          6187615.17                0.00          5704664.50          3953555.72                0.00                0.00
 284          8632057.84                0.00          7004232.65          2880721.37                0.00                0.00
 285         10159020.09                0.00          7644783.71           811070.29                0.00                0.00
 286         10585893.53                0.00          5260125.99           419649.98                0.00                0.00
 287          9176507.43                0.00          4034081.31           527587.58                0.00                0.00
 288          6944696.64                0.00          3984998.02           983428.73                0.00                0.00
 289          3940431.85                0.00          3790522.12          2697955.09                0.00                0.00
 290          1007637.56                0.00           984331.83          1174154.29                0.00                0.00
 291                0.00                0.00                0.00           897166.70                0.00                0.00
 292                0.00                0.00                0.00          1618558.13                0.00                0.00
 293                0.00                0.00                0.00          2188196.96                0.00                0.00
 294          4643616.91                0.00          4535531.54          3077191.89                0.00                0.00
 295          6316039.57                0.00          5590471.61          2574196.18                0.00                0.00
 296          8624243.40                0.00          7196507.04          3693983.74                0.00                0.00
 297         10572307.19                0.00          7829101.49           916382.17                0.00                0.00
 298         10032969.66                0.00          6490232.66          1136909.65                0.00                0.00
 299          8664516.29                0.00          4345028.45           579988.12                0.00                0.00
 300          6212689.37                0.00          2980226.53           114115.34                0.00                0.00
 301          3662305.55                0.00          2650771.32           787016.69                0.00                0.00
 302           868514.69                0.00           718944.95          1201904.70                0.00                0.00
 303                0.00                0.00                0.00           672235.31                0.00                0.00
 304                0.00                0.00                0.00           819177.18                0.00                0.00
 305                0.00                0.00                0.00          1458206.78                0.00                0.00
 306          4086336.39                0.00          3991814.21          2807688.80                0.00                0.00
 307          7356219.05                0.00          6882944.91          4795146.16                0.00                0.00
 308          8874910.89                0.00          7378716.46          3713246.43                0.00                0.00
 309         10279043.35                0.00          7569750.08          1166091.49                0.00                0.00
 310         10889188.26                0.00          8154524.05                0.00                0.00                0.00
 311          9589047.59                0.00          5967676.35                0.00                0.00                0.00
 312          6271412.40                0.00          3484095.48                0.00                0.00                0.00
 313          2815157.71                0.00          2632214.23          1397370.40                0.00                0.00
 314          1055288.24                0.00          1030891.32          1345236.89                0.00                0.00
 315                0.00                0.00                0.00           515096.27                0.00                0.00
 316                0.00                0.00                0.00           593962.43                0.00                0.00
 317                0.00                0.00                0.00          1464740.43                0.00                0.00
 318          3851569.62                0.00          3762562.45          2687433.65                0.00                0.00
 319          6073718.42                0.00          5933325.40          4167560.25                0.00                0.00
 320          9507926.29                0.00          8249464.43          4429949.96                0.00                0.00
 321         10240470.14                0.00          7520970.32          1480983.12                0.00                0.00
 322         11294661.46                0.00          8429405.34                0.00                0.00                0.00
 323          8667661.39                0.00          6801629.37          1208257.73                0.00                0.00
 324          5606138.78                0.00          4264424.21           286359.28                0.00                0.00
 325          3737215.23                0.00          3220610.15           593254.83                0.00                0.00
 326           920620.29                0.00           847784.37           924799.93                0.00                0.00
 327                0.00                0.00                0.00           617410.71                0.00                0.00
 328                0.00                0.00                0.00           887401.78                0.00                0.00
 329                0.00                0.00                0.00          1740778.87                0.00                0.00
 330          4339117.44                0.00          4238811.77          3030822.96                0.00                0.00
 331          6035365.44                0.00          5883642.34          4111896.75                0.00                0.00
 332          8768887.39                0.00          8006835.34          5567001.64                0.00                0.00
 333         10205229.41                0.00          7856006.94          2661098.26                0.00                0.00
 334         10768375.86                0.00          7176036.76           497533.91                0.00                0.00
 335          8980335.59                0.00          4275105.93                0.00                0.00                0.00
 336          6493505.12                0.00          3278924.04                0.00                0.00                0.00
 337          3267441.90                0.00          2395071.03           985994.33                0.00                0.00
 338           922412.12                0.00           403873.00           256910.79                0.00                0.00
 339                0.00                0.00                0.00           634121.99                0.00                0.00
 340                0.00                0.00                0.00           989005.79                0.00                0.00
 341                0.00                0.00                0.00          1280884.99                0.00                0.00
 342          4298440.03                0.00          4198949.89          2945054.64                0.00                0.00
 343          6263158.93                0.00          5885471.38          4231171.05                0.00                0.00
 344          8647678.18                0.00          7457988.41          4568300.34                0.00                0.00
 345         10815795.46                0.00          7758974.48           921023.98                0.00                0.00
 346         10658222.47                0.00          8088678.55                0.00                0.00                0.00
 347          9080036.05                0.00          6914670.90          2344729.94                0.00                0.00
 348          6106808.63                0.00          4342345.43          1565938.62                0.00                0.00
 349          3924460.14                0.00          3311346.47          1357458.44                0.00                0.00
 350          1008824.29                0.00           674652.17            99727.69                0.00                0.00
 351                0.00                0.00                0.00           687372.86                0.00                0.00
 352                0.00                0.00                0.00           849515.41                0.00                0.00
 353                0.00                0.00                0.00          2005025.35                0.00                0.00
 354          4618048.25                0.00          4497388.06          2730242.50                0.00                0.00
 355          7378561.01                0.00          6201968.79          1768572.05                0.00                0.00
 356          7762468.87                0.00          6312761.49          2054167.48                0.00                0.00
 357         10009859.90                0.00          8046396.18          2303080.45                0.00                0.00
 358         11238086.47                0.00          8481801.58           996294.04                0.00                0.00
 359          9039795.09                0.00          4371733.74           194174.37                0.00                0.00
 360          5823309.49                0.00          2942262.10                0.00                0.00                0.00
 361          3378948.59                0.00          2272439.62                0.00                0.00                0.00
 362           800685.22                0.00           570970.87           633092.83                0.00                0.00
 363                0.00                0.00                0.00           545713.98                0.00                0.00
 364                0.00                0.00                0.00           819378.11                0.00                0.00
 365                0.00                0.00                0.00          1574980.07                0.00                0.00
 366          5376391.39                0.00          5251056.00          3565867.42                0.00                0.00
 367          7796631.11                0.00          6614193.70          3168276.06                0.00                0.00
 368          9547011.63                0.00          7032161.91           854078.27                0.00                0.00
 369         10501434.43                0.00          8215470.33          1295439.56                0.00                0.00
 370         11033821.88                0.00          6731497.86                0.00                0.00                0.00
 371          8589534.52                0.00          4486459.11          1172101.45                0.00                0.00
 372          5517202.02                0.00          3959392.11          2730515.85                0.00                0.00
 373          3689963.71                0.00          3106515.29          1300639.02                0.00                0.00
 374           693840.39                0.00           677847.50          1073262.06                0.00                0.00
 375                0.00                0.00                0.00           530916.16                0.00                0.00
 376                0.00                0.00                0.00          1107365.12                0.00                0.00
 377                0.00                0.00                0.00          1866506.74                0.00                0.00
 378          5242737.05                0.00          5120538.73          3437997.69                0.00                0.00
 379          6292214.23                0.00          5720945.10          3710210.04                0.00                0.00
 380          8546801.82                0.00          6908857.37          2665413.61                0.00                0.00
 381          9740020.68                0.00          7808899.15          2899271.40                0.00                0.00
 382         10954988.75                0.00          8106778.37           687487.34                0.00                0.00
 383          9743792.02                0.00          3719514.70           358997.69                0.00                0.00
 384          6329874.75                0.00          2415323.49           301166.95                0.00                0.00
 385          4112205.23                0.00          1778643.61           309157.12                0.00                0.00
 386           804831.61                0.00           786280.37          1135847.05                0.00                0.00
 387                0.00                0.00                0.00           395878.61                0.00                0.00
 388                0.00                0.00                0.00          1028275.93                0.00                0.00
 389                0.00                0.00                0.00          1703835.34                0.00                0.00
 390          3221069.77                0.00          3146642.77          2254712.41                0.00                0.00
 391          6780343.15                0.00          6262100.01          4322034.04                0.00                0.00
 392          9173777.19                0.00          7556840.22          3507574.13                0.00                0.00
 393          9693534.79                0.00          7346838.56          1948366.07                0.00                0.00
 394         11633017.35                0.00          8770803.94                0.00                0.00                0.00
 395          8631381.43                0.00          6139666.03           863306.07                0.00                0.00
 396          5996363.82                0.00          4327505.24          1040891.90                0.00                0.00
 397          3485825.30                0.00          2935715.45          1220476.05                0.00                0.00
 398           799642.99                0.00           744201.84          1077499.86                0.00                0.00
 399                0.00                0.00                0.00           470559.30                0.00                0.00
 400                0.00                0.00                0.00           817497.39                0.00                0.00
 401                0.00                0.00                0.00          1451721.93                0.00                0.00
 402          3970696.32                0.00          3878848.94          2718652.50                0.00                0.00
 403          6531048.73                0.00          6124736.34          4271996.97                0.00                0.00
 404          9971776.75                0.00          7950180.63          3548474.40                0.00                0.00
 405         10405319.00                0.00          7788825.49           239707.24                0.00                0.00
 406         11333987.09                0.00          8592071.34                0.00                0.00                0.00
 407          9413377.10                0.00          6246239.78           565212.39                0.00                0.00
 408          6456553.74                0.00          4284963.03           234988.72                0.00                0.00
 409          3503136.55                0.00          3100877.79           592779.46                0.00                0.00
 410           851901.19                0.00           832210.02           876936.74                0.00                0.00
 411                0.00                0.00                0.00           527750.15                0.00                0.00
 412                0.00                0.00                0.00           942235.14                0.00                0.00
 413                0.00                0.00                0.00          1171724.55                0.00                0.00
 414          4231031.75                0.00          4133142.51          2884750.75                0.00                0.00
 415          7002906.69                0.00          6659857.03          4562151.15                0.00                0.00
 416          9629389.10                0.00          7614564.33          2423707.07                0.00                0.00
 417         10595140.02                0.00          7716363.90            79494.94                0.00                0.00
 418         10837417.71                0.00          8230625.92           313074.17                0.00                0.00
 419          9147968.77                0.00          7035960.74           984346.84                0.00                0.00
 420          6120731.90                0.00          4444745.91           934599.08                0.00                0.00
