               Stress_Period  Alfalfa_Irrigated             Grain_Irrigated               Pasture_Irrigated             Native_Vegetation             Urban_Barren                  Water                         
   1                0.00                0.00                0.00          8408198.69                0.00                0.00
   2                0.00                0.00                0.00          6361280.78                0.00                0.00
   3                0.00                0.00                0.00          4341954.62                0.00                0.00
   4                0.00                0.00                0.00          4722396.94                0.00                0.00
   5                0.00                0.00                0.00          5269294.18                0.00                0.00
   6                0.00                0.00                0.00         15847256.77                0.00                0.00
   7                0.00                0.00                0.00          8359050.84                0.00                0.00
   8                0.00                0.00                0.00          6418841.05                0.00                0.00
   9                0.00                0.00                0.00          5760661.79                0.00                0.00
  10                0.00                0.00                0.00          4049441.06                0.00                0.00
  11                0.00                0.00                0.00          1410142.31                0.00                0.00
  12                0.00                0.00                0.00           358422.58                0.00                0.00
  13                0.00                0.00                0.00          3207572.97                0.00                0.00
  14                0.00                0.00                0.00          4450731.07                0.00                0.00
  15                0.00                0.00                0.00          4418107.30                0.00                0.00
  16                0.00                0.00                0.00          5921165.49                0.00                0.00
  17                0.00                0.00                0.00          8191433.85                0.00                0.00
  18                0.00                0.00                0.00         14658380.43                0.00                0.00
  19                0.00                0.00                0.00          6491547.66                0.00                0.00
  20                0.00                0.00                0.00          2476767.88                0.00                0.00
  21                0.00                0.00                0.00         12255921.92                0.00                0.00
  22                0.00                0.00                0.00          1378256.29                0.00                0.00
  23                0.00                0.00                0.00                0.00                0.00                0.00
  24                0.00                0.00                0.00           826308.02                0.00                0.00
  25                0.00                0.00                0.00          7344038.26                0.00                0.00
  26                0.00                0.00                0.00          7133575.76                0.00                0.00
  27                0.00                0.00                0.00          4482775.80                0.00                0.00
  28                0.00                0.00                0.00          4485479.54                0.00                0.00
  29                0.00                0.00                0.00          6604249.73                0.00                0.00
  30                0.00                0.00                0.00         14777166.15                0.00                0.00
  31                0.00                0.00                0.00         18130976.02                0.00                0.00
  32                0.00                0.00                0.00         21368855.24                0.00                0.00
  33                0.00                0.00                0.00         13015415.63                0.00                0.00
  34                0.00                0.00                0.00                0.00                0.00                0.00
  35                0.00                0.00                0.00          4641289.98                0.00                0.00
  36                0.00                0.00                0.00          1127750.44                0.00                0.00
  37                0.00                0.00                0.00          3514551.59                0.00                0.00
  38                0.00                0.00                0.00          1753848.63                0.00                0.00
  39                0.00                0.00                0.00          4447445.99                0.00                0.00
  40                0.00                0.00                0.00          4443287.39                0.00                0.00
  41                0.00                0.00                0.00          6584036.33                0.00                0.00
  42                0.00                0.00                0.00         10776720.98                0.00                0.00
  43                0.00                0.00                0.00          1072119.15                0.00                0.00
  44                0.00                0.00                0.00          7533733.24                0.00                0.00
  45                0.00                0.00                0.00                0.00                0.00                0.00
  46                0.00                0.00                0.00                0.00                0.00                0.00
  47                0.00                0.00                0.00                0.00                0.00                0.00
  48                0.00                0.00                0.00           987041.63                0.00                0.00
  49                0.00                0.00                0.00           137746.21                0.00                0.00
  50                0.00                0.00                0.00          5816690.02                0.00                0.00
  51                0.00                0.00                0.00          4446682.94                0.00                0.00
  52                0.00                0.00                0.00          3032817.07                0.00                0.00
  53                0.00                0.00                0.00         10520739.90                0.00                0.00
  54                0.00                0.00                0.00         11957313.87                0.00                0.00
  55                0.00                0.00                0.00         18660710.09                0.00                0.00
  56                0.00                0.00                0.00         26428052.92                0.00                0.00
  57                0.00                0.00                0.00         20126628.12                0.00                0.00
  58                0.00                0.00                0.00          9361212.36                0.00                0.00
  59                0.00                0.00                0.00                0.00                0.00                0.00
  60                0.00                0.00                0.00           299292.63                0.00                0.00
  61                0.00                0.00                0.00           110196.97                0.00                0.00
  62                0.00                0.00                0.00          3096384.22                0.00                0.00
  63                0.00                0.00                0.00          4509209.74                0.00                0.00
  64                0.00                0.00                0.00          4526548.06                0.00                0.00
  65                0.00                0.00                0.00          8203780.45                0.00                0.00
  66                0.00                0.00                0.00         13260379.53                0.00                0.00
  67                0.00                0.00                0.00         19408503.80                0.00                0.00
  68                0.00                0.00                0.00         20214812.98                0.00                0.00
  69                0.00                0.00                0.00          6669085.28                0.00                0.00
  70                0.00                0.00                0.00           792116.43                0.00                0.00
  71                0.00                0.00                0.00           402020.42                0.00                0.00
  72                0.00                0.00                0.00          2042806.35                0.00                0.00
  73                0.00                0.00                0.00          6416152.45                0.00                0.00
  74                0.00                0.00                0.00          4569048.81                0.00                0.00
  75                0.00                0.00                0.00          4540834.07                0.00                0.00
  76                0.00                0.00                0.00          5949681.35                0.00                0.00
  77                0.00                0.00                0.00          6586071.00                0.00                0.00
  78                0.00                0.00                0.00         14624381.18                0.00                0.00
  79                0.00                0.00                0.00         17267123.24                0.00                0.00
  80                0.00                0.00                0.00         13726294.16                0.00                0.00
  81                0.00                0.00                0.00          4155147.91                0.00                0.00
  82                0.00                0.00                0.00          3884857.62                0.00                0.00
  83                0.00                0.00                0.00          1942765.17                0.00                0.00
  84                0.00                0.00                0.00          2844412.10                0.00                0.00
  85                0.00                0.00                0.00          1477019.59                0.00                0.00
  86                0.00                0.00                0.00          1455206.55                0.00                0.00
  87                0.00                0.00                0.00          4454401.80                0.00                0.00
  88                0.00                0.00                0.00          4572790.66                0.00                0.00
  89                0.00                0.00                0.00          6583045.55                0.00                0.00
  90                0.00                0.00                0.00         13363383.79                0.00                0.00
  91                0.00                0.00                0.00         19589553.27                0.00                0.00
  92                0.00                0.00                0.00         21029393.36                0.00                0.00
  93                0.00                0.00                0.00         21905535.46                0.00                0.00
  94                0.00                0.00                0.00          2235517.45                0.00                0.00
  95                0.00                0.00                0.00           295341.96                0.00                0.00
  96                0.00                0.00                0.00          3545176.09                0.00                0.00
  97                0.00                0.00                0.00          6731656.96                0.00                0.00
  98                0.00                0.00                0.00          5844150.51                0.00                0.00
  99                0.00                0.00                0.00          4456830.94                0.00                0.00
 100                0.00                0.00                0.00          5963463.15                0.00                0.00
 101                0.00                0.00                0.00         10586245.98                0.00                0.00
 102                0.00                0.00                0.00         11692684.47                0.00                0.00
 103                0.00                0.00                0.00         15988867.04                0.00                0.00
 104                0.00                0.00                0.00          9247411.82                0.00                0.00
 105                0.00                0.00                0.00                0.00                0.00                0.00
 106                0.00                0.00                0.00                0.00                0.00                0.00
 107                0.00                0.00                0.00          1081297.59                0.00                0.00
 108                0.00                0.00                0.00                0.00                0.00                0.00
 109                0.00                0.00                0.00          2880894.56                0.00                0.00
 110                0.00                0.00                0.00          7217608.54                0.00                0.00
 111                0.00                0.00                0.00          4446356.74                0.00                0.00
 112                0.00                0.00                0.00          4527823.27                0.00                0.00
 113                0.00                0.00                0.00          8260215.32                0.00                0.00
 114                0.00                0.00                0.00          8866495.44                0.00                0.00
 115                0.00                0.00                0.00         21417327.99                0.00                0.00
 116                0.00                0.00                0.00         22003079.88                0.00                0.00
 117                0.00                0.00                0.00          2645679.81                0.00                0.00
 118                0.00                0.00                0.00          3791494.11                0.00                0.00
 119                0.00                0.00                0.00           336956.66                0.00                0.00
 120                0.00                0.00                0.00           850759.00                0.00                0.00
 121                0.00                0.00                0.00          7370930.50                0.00                0.00
 122                0.00                0.00                0.00          5242711.59                0.00                0.00
 123                0.00                0.00                0.00          4436361.72                0.00                0.00
 124                0.00                0.00                0.00          5925457.80                0.00                0.00
 125                0.00                0.00                0.00          5881163.13                0.00                0.00
 126                0.00                0.00                0.00         10887099.18                0.00                0.00
 127                0.00                0.00                0.00          4723421.67                0.00                0.00
 128                0.00                0.00                0.00          2121717.20                0.00                0.00
 129                0.00                0.00                0.00           474885.18                0.00                0.00
 130                0.00                0.00                0.00          2291071.24                0.00                0.00
 131                0.00                0.00                0.00                0.00                0.00                0.00
 132                0.00                0.00                0.00          2421213.06                0.00                0.00
 133                0.00                0.00                0.00          1255728.75                0.00                0.00
 134                0.00                0.00                0.00          4901928.85                0.00                0.00
 135                0.00                0.00                0.00          4530289.45                0.00                0.00
 136                0.00                0.00                0.00          5986012.51                0.00                0.00
 137                0.00                0.00                0.00          8164639.37                0.00                0.00
 138                0.00                0.00                0.00         17508173.17                0.00                0.00
 139                0.00                0.00                0.00         16627796.10                0.00                0.00
 140                0.00                0.00                0.00         15958781.77                0.00                0.00
 141                0.00                0.00                0.00          1624301.27                0.00                0.00
 142                0.00                0.00                0.00           868074.97                0.00                0.00
 143                0.00                0.00                0.00                0.00                0.00                0.00
 144                0.00                0.00                0.00           662056.26                0.00                0.00
 145                0.00                0.00                0.00                0.00                0.00                0.00
 146                0.00                0.00                0.00          5714730.62                0.00                0.00
 147                0.00                0.00                0.00          4518692.33                0.00                0.00
 148                0.00                0.00                0.00          6001371.56                0.00                0.00
 149                0.00                0.00                0.00         19178444.73                0.00                0.00
 150                0.00                0.00                0.00         17817594.09                0.00                0.00
 151                0.00                0.00                0.00         15799784.20                0.00                0.00
 152                0.00                0.00                0.00         27006522.54                0.00                0.00
 153                0.00                0.00                0.00         13211601.54                0.00                0.00
 154                0.00                0.00                0.00          6625634.39                0.00                0.00
 155                0.00                0.00                0.00         13538339.98                0.00                0.00
 156                0.00                0.00                0.00           403623.52                0.00                0.00
 157                0.00                0.00                0.00                0.00                0.00                0.00
 158                0.00                0.00                0.00          6978841.21                0.00                0.00
 159                0.00                0.00                0.00          4506132.55                0.00                0.00
 160                0.00                0.00                0.00          7506329.66                0.00                0.00
 161                0.00                0.00                0.00         11481392.43                0.00                0.00
 162                0.00                0.00                0.00         13230727.31                0.00                0.00
 163                0.00                0.00                0.00         21209150.03                0.00                0.00
 164                0.00                0.00                0.00         17505837.84                0.00                0.00
 165                0.00                0.00                0.00          3400627.96                0.00                0.00
 166                0.00                0.00                0.00           764953.09                0.00                0.00
 167                0.00                0.00                0.00          1007731.51                0.00                0.00
 168                0.00                0.00                0.00                0.00                0.00                0.00
 169                0.00                0.00                0.00          7631724.14                0.00                0.00
 170                0.00                0.00                0.00          7155692.41                0.00                0.00
 171                0.00                0.00                0.00          7410770.81                0.00                0.00
 172                0.00                0.00                0.00          5955788.55                0.00                0.00
 173                0.00                0.00                0.00          8311893.45                0.00                0.00
 174                0.00                0.00                0.00         16151330.24                0.00                0.00
 175                0.00                0.00                0.00         17649539.60                0.00                0.00
 176                0.00                0.00                0.00         21253052.72                0.00                0.00
 177                0.00                0.00                0.00         11207188.14                0.00                0.00
 178                0.00                0.00                0.00          1449267.75                0.00                0.00
 179                0.00                0.00                0.00           308820.82                0.00                0.00
 180                0.00                0.00                0.00                0.00                0.00                0.00
 181                0.00                0.00                0.00          1299542.89                0.00                0.00
 182                0.00                0.00                0.00          5720260.62                0.00                0.00
 183                0.00                0.00                0.00          4501381.78                0.00                0.00
 184                0.00                0.00                0.00          4571294.77                0.00                0.00
 185                0.00                0.00                0.00          8026233.79                0.00                0.00
 186                0.00                0.00                0.00          8946846.78                0.00                0.00
 187                0.00                0.00                0.00         17145298.04                0.00                0.00
 188                0.00                0.00                0.00         23446591.22                0.00                0.00
 189                0.00                0.00                0.00         11080923.43                0.00                0.00
 190                0.00                0.00                0.00                0.00                0.00                0.00
 191                0.00                0.00                0.00          2787402.59                0.00                0.00
 192                0.00                0.00                0.00                0.00                0.00                0.00
 193                0.00                0.00                0.00           470683.30                0.00                0.00
 194                0.00                0.00                0.00          5654064.18                0.00                0.00
 195                0.00                0.00                0.00          4473018.44                0.00                0.00
 196                0.00                0.00                0.00          4410683.98                0.00                0.00
 197                0.00                0.00                0.00          6782370.61                0.00                0.00
 198                0.00                0.00                0.00         14583552.90                0.00                0.00
 199                0.00                0.00                0.00         16795061.86                0.00                0.00
 200                0.00                0.00                0.00         11186876.73                0.00                0.00
 201                0.00                0.00                0.00           260175.20                0.00                0.00
 202                0.00                0.00                0.00          1338725.95                0.00                0.00
 203                0.00                0.00                0.00           244665.34                0.00                0.00
 204                0.00                0.00                0.00           266760.94                0.00                0.00
 205                0.00                0.00                0.00         10248231.42                0.00                0.00
 206                0.00                0.00                0.00          7121621.94                0.00                0.00
 207                0.00                0.00                0.00          4468171.43                0.00                0.00
 208                0.00                0.00                0.00          4517839.84                0.00                0.00
 209                0.00                0.00                0.00          8492786.32                0.00                0.00
 210                0.00                0.00                0.00         11763583.86                0.00                0.00
 211                0.00                0.00                0.00         17241014.59                0.00                0.00
 212                0.00                0.00                0.00         18334913.35                0.00                0.00
 213                0.00                0.00                0.00          2796938.12                0.00                0.00
 214                0.00                0.00                0.00                0.00                0.00                0.00
 215                0.00                0.00                0.00                0.00                0.00                0.00
 216                0.00                0.00                0.00                0.00                0.00                0.00
 217                0.00                0.00                0.00          1480039.55                0.00                0.00
 218                0.00                0.00                0.00          7185887.86                0.00                0.00
 219                0.00                0.00                0.00          4460024.32                0.00                0.00
 220                0.00                0.00                0.00          5907240.90                0.00                0.00
 221                0.00                0.00                0.00          6772341.13                0.00                0.00
 222                0.00                0.00                0.00         11798615.88                0.00                0.00
 223                0.00                0.00                0.00         15278272.80                0.00                0.00
 224                0.00                0.00                0.00         12811283.18                0.00                0.00
 225                0.00                0.00                0.00         10204830.83                0.00                0.00
 226                0.00                0.00                0.00                0.00                0.00                0.00
 227                0.00                0.00                0.00           998867.11                0.00                0.00
 228                0.00                0.00                0.00           195190.89                0.00                0.00
 229                0.00                0.00                0.00          7919175.18                0.00                0.00
 230                0.00                0.00                0.00          6470752.78                0.00                0.00
 231                0.00                0.00                0.00          4465553.68                0.00                0.00
 232                0.00                0.00                0.00          4528684.32                0.00                0.00
 233                0.00                0.00                0.00          8120883.12                0.00                0.00
 234                0.00                0.00                0.00         13331476.81                0.00                0.00
 235                0.00                0.00                0.00         17181832.57                0.00                0.00
 236                0.00                0.00                0.00         22016706.75                0.00                0.00
 237                0.00                0.00                0.00          5346317.66                0.00                0.00
 238                0.00                0.00                0.00          1372914.14                0.00                0.00
 239                0.00                0.00                0.00                0.00                0.00                0.00
 240                0.00                0.00                0.00          4105119.94                0.00                0.00
 241                0.00                0.00                0.00          4533734.49                0.00                0.00
 242                0.00                0.00                0.00          5748330.76                0.00                0.00
 243                0.00                0.00                0.00          4530217.74                0.00                0.00
 244                0.00                0.00                0.00          5891920.28                0.00                0.00
 245                0.00                0.00                0.00          6686089.31                0.00                0.00
 246                0.00                0.00                0.00         10543406.92                0.00                0.00
 247                0.00                0.00                0.00         15602962.11                0.00                0.00
 248                0.00                0.00                0.00         20238989.21                0.00                0.00
 249                0.00                0.00                0.00         20118034.22                0.00                0.00
 250                0.00                0.00                0.00          5549379.65                0.00                0.00
 251                0.00                0.00                0.00           917553.32                0.00                0.00
 252                0.00                0.00                0.00           264741.89                0.00                0.00
 253                0.00                0.00                0.00          6042299.12                0.00                0.00
 254                0.00                0.00                0.00          3560074.10                0.00                0.00
 255                0.00                0.00                0.00          2200494.50                0.00                0.00
 256                0.00                0.00                0.00          5507303.27                0.00                0.00
 257                0.00                0.00                0.00          9417349.16                0.00                0.00
 258                0.00                0.00                0.00         11254766.33                0.00                0.00
 259                0.00                0.00                0.00         18137953.56                0.00                0.00
 260                0.00                0.00                0.00         18682755.33                0.00                0.00
 261                0.00                0.00                0.00          3064294.18                0.00                0.00
 262                0.00                0.00                0.00           455498.86                0.00                0.00
 263                0.00                0.00                0.00                0.00                0.00                0.00
 264                0.00                0.00                0.00                0.00                0.00                0.00
 265                0.00                0.00                0.00          2799650.96                0.00                0.00
 266                0.00                0.00                0.00          4513345.80                0.00                0.00
 267                0.00                0.00                0.00          7139382.99                0.00                0.00
 268                0.00                0.00                0.00          6458973.29                0.00                0.00
 269                0.00                0.00                0.00          8581083.77                0.00                0.00
 270                0.00                0.00                0.00         14341177.63                0.00                0.00
 271                0.00                0.00                0.00         18280059.12                0.00                0.00
 272                0.00                0.00                0.00         19223651.86                0.00                0.00
 273                0.00                0.00                0.00          2734087.17                0.00                0.00
 274                0.00                0.00                0.00          7001560.38                0.00                0.00
 275                0.00                0.00                0.00          3517168.24                0.00                0.00
 276                0.00                0.00                0.00          4503627.34                0.00                0.00
 277                0.00                0.00                0.00          4671121.85                0.00                0.00
 278                0.00                0.00                0.00          2405544.00                0.00                0.00
 279                0.00                0.00                0.00          3109161.88                0.00                0.00
 280                0.00                0.00                0.00          6678130.78                0.00                0.00
 281                0.00                0.00                0.00          7523503.29                0.00                0.00
 282                0.00                0.00                0.00         14216004.80                0.00                0.00
 283                0.00                0.00                0.00         18423337.64                0.00                0.00
 284                0.00                0.00                0.00          3375999.78                0.00                0.00
 285                0.00                0.00                0.00          1688401.17                0.00                0.00
 286                0.00                0.00                0.00          1112588.05                0.00                0.00
 287                0.00                0.00                0.00          1473827.79                0.00                0.00
 288                0.00                0.00                0.00          4211774.94                0.00                0.00
 289                0.00                0.00                0.00         10659671.57                0.00                0.00
 290                0.00                0.00                0.00          5481418.52                0.00                0.00
 291                0.00                0.00                0.00          4127021.75                0.00                0.00
 292                0.00                0.00                0.00          7709377.66                0.00                0.00
 293                0.00                0.00                0.00         10435400.42                0.00                0.00
 294                0.00                0.00                0.00         14780656.91                0.00                0.00
 295                0.00                0.00                0.00         15709797.15                0.00                0.00
 296                0.00                0.00                0.00         17482655.34                0.00                0.00
 297                0.00                0.00                0.00          3450515.21                0.00                0.00
 298                0.00                0.00                0.00          3116293.11                0.00                0.00
 299                0.00                0.00                0.00          1537681.13                0.00                0.00
 300                0.00                0.00                0.00           302545.87                0.00                0.00
 301                0.00                0.00                0.00          2513892.06                0.00                0.00
 302                0.00                0.00                0.00          4233582.62                0.00                0.00
 303                0.00                0.00                0.00          2936552.64                0.00                0.00
 304                0.00                0.00                0.00          3745459.52                0.00                0.00
 305                0.00                0.00                0.00          6810495.57                0.00                0.00
 306                0.00                0.00                0.00         13221245.08                0.00                0.00
 307                0.00                0.00                0.00         23124607.12                0.00                0.00
 308                0.00                0.00                0.00         20231535.60                0.00                0.00
 309                0.00                0.00                0.00          7421067.99                0.00                0.00
 310                0.00                0.00                0.00                0.00                0.00                0.00
 311                0.00                0.00                0.00                0.00                0.00                0.00
 312                0.00                0.00                0.00                0.00                0.00                0.00
 313                0.00                0.00                0.00          5514170.07                0.00                0.00
 314                0.00                0.00                0.00          6274104.78                0.00                0.00
 315                0.00                0.00                0.00          2388247.15                0.00                0.00
 316                0.00                0.00                0.00          2755819.83                0.00                0.00
 317                0.00                0.00                0.00          6635516.38                0.00                0.00
 318                0.00                0.00                0.00         12503276.88                0.00                0.00
 319                0.00                0.00                0.00         19564675.53                0.00                0.00
 320                0.00                0.00                0.00         24505301.79                0.00                0.00
 321                0.00                0.00                0.00         10751022.85                0.00                0.00
 322                0.00                0.00                0.00                0.00                0.00                0.00
 323                0.00                0.00                0.00          3394269.85                0.00                0.00
 324                0.00                0.00                0.00           771004.00                0.00                0.00
 325                0.00                0.00                0.00          1707795.09                0.00                0.00
 326                0.00                0.00                0.00          4182763.37                0.00                0.00
 327                0.00                0.00                0.00          2938894.90                0.00                0.00
 328                0.00                0.00                0.00          4075152.29                0.00                0.00
 329                0.00                0.00                0.00          8267309.38                0.00                0.00
 330                0.00                0.00                0.00         14082060.13                0.00                0.00
 331                0.00                0.00                0.00         16764210.29                0.00                0.00
 332                0.00                0.00                0.00         12722112.05                0.00                0.00
 333                0.00                0.00                0.00           576788.19                0.00                0.00
 334                0.00                0.00                0.00          1390094.01                0.00                0.00
 335                0.00                0.00                0.00                0.00                0.00                0.00
 336                0.00                0.00                0.00                0.00                0.00                0.00
 337                0.00                0.00                0.00          2755036.73                0.00                0.00
 338                0.00                0.00                0.00          1143004.98                0.00                0.00
 339                0.00                0.00                0.00          2939506.39                0.00                0.00
 340                0.00                0.00                0.00          4710703.65                0.00                0.00
 341                0.00                0.00                0.00          5900716.65                0.00                0.00
 342                0.00                0.00                0.00         13870152.52                0.00                0.00
 343                0.00                0.00                0.00         19890367.59                0.00                0.00
 344                0.00                0.00                0.00         21296572.77                0.00                0.00
 345                0.00                0.00                0.00          6126276.35                0.00                0.00
 346                0.00                0.00                0.00                0.00                0.00                0.00
 347                0.00                0.00                0.00          6762794.16                0.00                0.00
 348                0.00                0.00                0.00          4665849.81                0.00                0.00
 349                0.00                0.00                0.00          3646616.74                0.00                0.00
 350                0.00                0.00                0.00           470133.02                0.00                0.00
 351                0.00                0.00                0.00          3208297.72                0.00                0.00
 352                0.00                0.00                0.00          3894319.29                0.00                0.00
 353                0.00                0.00                0.00          9751392.46                0.00                0.00
 354                0.00                0.00                0.00         14256740.31                0.00                0.00
 355                0.00                0.00                0.00          2393657.24                0.00                0.00
 356                0.00                0.00                0.00          5995588.61                0.00                0.00
 357                0.00                0.00                0.00          6181598.27                0.00                0.00
 358                0.00                0.00                0.00          2783411.28                0.00                0.00
 359                0.00                0.00                0.00           514800.66                0.00                0.00
 360                0.00                0.00                0.00                0.00                0.00                0.00
 361                0.00                0.00                0.00                0.00                0.00                0.00
 362                0.00                0.00                0.00          2498263.13                0.00                0.00
 363                0.00                0.00                0.00          2529482.11                0.00                0.00
 364                0.00                0.00                0.00          3794116.23                0.00                0.00
 365                0.00                0.00                0.00          7422758.76                0.00                0.00
 366                0.00                0.00                0.00         17182406.01                0.00                0.00
 367                0.00                0.00                0.00         20691939.55                0.00                0.00
 368                0.00                0.00                0.00          1846273.15                0.00                0.00
 369                0.00                0.00                0.00          3521987.93                0.00                0.00
 370                0.00                0.00                0.00                0.00                0.00                0.00
 371                0.00                0.00                0.00          3381265.20                0.00                0.00
 372                0.00                0.00                0.00          8684556.10                0.00                0.00
 373                0.00                0.00                0.00          4264911.68                0.00                0.00
 374                0.00                0.00                0.00          5027519.90                0.00                0.00
 375                0.00                0.00                0.00          2490753.46                0.00                0.00
 376                0.00                0.00                0.00          5306439.01                0.00                0.00
 377                0.00                0.00                0.00          9052945.39                0.00                0.00
 378                0.00                0.00                0.00         16540123.10                0.00                0.00
 379                0.00                0.00                0.00         17059082.78                0.00                0.00
 380                0.00                0.00                0.00          8108871.32                0.00                0.00
 381                0.00                0.00                0.00          7827053.08                0.00                0.00
 382                0.00                0.00                0.00          1921749.79                0.00                0.00
 383                0.00                0.00                0.00           951784.97                0.00                0.00
 384                0.00                0.00                0.00           837796.80                0.00                0.00
 385                0.00                0.00                0.00           842765.68                0.00                0.00
 386                0.00                0.00                0.00          5308376.02                0.00                0.00
 387                0.00                0.00                0.00          1797122.74                0.00                0.00
 388                0.00                0.00                0.00          4765070.46                0.00                0.00
 389                0.00                0.00                0.00          7978139.44                0.00                0.00
 390                0.00                0.00                0.00         10470419.86                0.00                0.00
 391                0.00                0.00                0.00         21108354.94                0.00                0.00
 392                0.00                0.00                0.00         20534612.20                0.00                0.00
 393                0.00                0.00                0.00          8876540.82                0.00                0.00
 394                0.00                0.00                0.00                0.00                0.00                0.00
 395                0.00                0.00                0.00          2418739.39                0.00                0.00
 396                0.00                0.00                0.00          3934299.94                0.00                0.00
 397                0.00                0.00                0.00          2491380.84                0.00                0.00
 398                0.00                0.00                0.00          4864959.85                0.00                0.00
 399                0.00                0.00                0.00          2139119.76                0.00                0.00
 400                0.00                0.00                0.00          3749556.18                0.00                0.00
 401                0.00                0.00                0.00          6794675.83                0.00                0.00
 402                0.00                0.00                0.00         12822679.38                0.00                0.00
 403                0.00                0.00                0.00         20507806.62                0.00                0.00
 404                0.00                0.00                0.00         15020606.78                0.00                0.00
 405                0.00                0.00                0.00                0.00                0.00                0.00
 406                0.00                0.00                0.00                0.00                0.00                0.00
 407                0.00                0.00                0.00          1563617.27                0.00                0.00
 408                0.00                0.00                0.00           655732.56                0.00                0.00
 409                0.00                0.00                0.00          1740411.28                0.00                0.00
 410                0.00                0.00                0.00          4065399.73                0.00                0.00
 411                0.00                0.00                0.00          2427138.66                0.00                0.00
 412                0.00                0.00                0.00          4534459.70                0.00                0.00
 413                0.00                0.00                0.00          5427265.09                0.00                0.00
 414                0.00                0.00                0.00         13641189.76                0.00                0.00
 415                0.00                0.00                0.00         22261438.03                0.00                0.00
 416                0.00                0.00                0.00         20317612.42                0.00                0.00
 417                0.00                0.00                0.00          3642513.02                0.00                0.00
 418                0.00                0.00                0.00           830031.22                0.00                0.00
 419                0.00                0.00                0.00          2841276.01                0.00                0.00
 420                0.00                0.00                0.00          2801643.95                0.00                0.00
