               Stress_Period  Alfalfa_Irrigated             Grain_Irrigated               Pasture_Irrigated             Native_Vegetation             Urban_Barren                  Water                         
   1          3999332.35                0.00          2810931.80          2563609.34                0.00                0.00
   2           875472.89                0.00           685203.00          2727599.67                0.00                0.00
   3                0.00                0.00                0.00          1898755.04                0.00                0.00
   4                0.00                0.00                0.00          2017867.19                0.00                0.00
   5                0.00                0.00                0.00          2162923.32                0.00                0.00
   6          4425068.85                0.00          4193935.87          6954328.46                0.00                0.00
   7          4671626.10                0.00          4205048.44          3354598.61                0.00                0.00
   8          5035323.30                0.00          4208060.04          2643242.98                0.00                0.00
   9          7129022.92                0.00          5656268.61          2532677.28                0.00                0.00
  10          9836486.97                0.00          7600844.67          1823897.45                0.00                0.00
  11          8317777.21                0.00          5247996.15           649310.35                0.00                0.00
  12          5928321.94                0.00          3154677.67           165038.30                0.00                0.00
  13          3586868.21                0.00          2585124.69          1421950.15                0.00                0.00
  14           659674.79                0.00           485383.05          1989756.12                0.00                0.00
  15                0.00                0.00                0.00          1930452.83                0.00                0.00
  16                0.00                0.00                0.00          2604267.44                0.00                0.00
  17                0.00                0.00                0.00          3537330.68                0.00                0.00
  18          4022789.14                0.00          3812853.66          6367559.28                0.00                0.00
  19          5839533.39                0.00          5222492.28          2893759.42                0.00                0.00
  20          7174816.48                0.00          5684649.70          1130960.75                0.00                0.00
  21          9064903.97                0.00          7473629.85          5555048.41                0.00                0.00
  22          9760300.00                0.00          7391154.05           633416.23                0.00                0.00
  23          9356137.99                0.00          4909302.86                0.00                0.00                0.00
  24          6289626.11                0.00          3878506.27           380479.58                0.00                0.00
  25          3812661.71                0.00          3268022.63          3285992.01                0.00                0.00
  26           908372.10                0.00           861009.09          3121285.58                0.00                0.00
  27                0.00                0.00                0.00          1995083.96                0.00                0.00
  28                0.00                0.00                0.00          1997775.86                0.00                0.00
  29                0.00                0.00                0.00          2859557.82                0.00                0.00
  30          4022789.14                0.00          3813168.74          6485369.70                0.00                0.00
  31          5060929.04                0.00          4762192.61          7792039.21                0.00                0.00
  32          7241020.46                0.00          6358039.42          8160467.73                0.00                0.00
  33          9302394.14                0.00          7584569.50          5579869.73                0.00                0.00
  34          9082780.67                0.00          6749383.04                0.00                0.00                0.00
  35          8414193.37                0.00          6569840.71          2099678.32                0.00                0.00
  36          6649868.93                0.00          5046238.08           513723.20                0.00                0.00
  37          4043772.60                0.00          3232414.20          1583093.60                0.00                0.00
  38           803999.57                0.00           569978.61           797936.83                0.00                0.00
  39                0.00                0.00                0.00          1959782.55                0.00                0.00
  40                0.00                0.00                0.00          1955605.68                0.00                0.00
  41                0.00                0.00                0.00          2839371.06                0.00                0.00
  42          4425068.85                0.00          4174981.26          4672698.73                0.00                0.00
  43          5286002.46                0.00          4314631.70           493582.87                0.00                0.00
  44          7420423.71                0.00          5985958.58          3407702.78                0.00                0.00
  45          8706084.42                0.00          6531184.50                0.00                0.00                0.00
  46         11155396.00                0.00          6640986.76                0.00                0.00                0.00
  47          8995319.21                0.00          3744831.37                0.00                0.00                0.00
  48          6476447.93                0.00          3026492.83           453142.72                0.00                0.00
  49          2560055.39                0.00          2090665.09            63426.25                0.00                0.00
  50           726697.39                0.00           688896.01          2606718.64                0.00                0.00
  51                0.00                0.00                0.00          1958981.07                0.00                0.00
  52                0.00                0.00                0.00          1374331.86                0.00                0.00
  53                0.00                0.00                0.00          4529256.93                0.00                0.00
  54          3218231.31                0.00          3050669.44          5323519.64                0.00                0.00
  55          5060929.04                0.00          4797312.47          8228787.90                0.00                0.00
  56          7643300.16                0.00          6835851.11         11000490.86                0.00                0.00
  57          8900256.01                0.00          6957288.29          6814633.80                0.00                0.00
  58          9532065.26                0.00          7367773.34          3869263.49                0.00                0.00
  59          9087585.74                0.00          6748430.23                0.00                0.00                0.00
  60          6277123.19                0.00          4720855.27           137811.48                0.00                0.00
  61          3886287.64                0.00          2934120.30            50741.00                0.00                0.00
  62           942733.71                0.00           632088.39          1401228.00                0.00                0.00
  63                0.00                0.00                0.00          2021492.66                0.00                0.00
  64                0.00                0.00                0.00          2038830.97                0.00                0.00
  65                0.00                0.00                0.00          3549643.75                0.00                0.00
  66          3620511.02                0.00          3431808.68          5797826.12                0.00                0.00
  67          5450230.45                0.00          5061243.52          8305820.87                0.00                0.00
  68          7636411.78                0.00          6518705.95          7224033.19                0.00                0.00
  69          9716605.82                0.00          6907648.99          1922604.14                0.00                0.00
  70         10952380.94                0.00          8159351.00           364735.81                0.00                0.00
  71          9727733.93                0.00          6775796.28           185113.24                0.00                0.00
  72          5954638.13                0.00          3951999.09           915148.52                0.00                0.00
  73          3703955.63                0.00          3185090.60          2868382.43                0.00                0.00
  74           820630.49                0.00           691675.63          2044030.27                0.00                0.00
  75                0.00                0.00                0.00          2053110.27                0.00                0.00
  76                0.00                0.00                0.00          2632805.43                0.00                0.00
  77                0.00                0.00                0.00          2841365.68                0.00                0.00
  78          4022789.14                0.00          3812341.42          6333476.61                0.00                0.00
  79          5450230.45                0.00          4742894.56          6697563.61                0.00                0.00
  80          9120982.30                0.00          6763049.80          3976246.46                0.00                0.00
  81          8722779.65                0.00          6582316.38          1898947.11                0.00                0.00
  82          6286967.26                0.00          4899732.70          1713111.79                0.00                0.00
  83           778509.64                0.00           694329.30           846307.56                0.00                0.00
  84           778604.35                0.00           738107.13          1239486.90                0.00                0.00
  85           402279.71                0.00           381349.72           647783.24                0.00                0.00
  86           181674.71                0.00           172225.34           652712.12                0.00                0.00
  87                0.00                0.00                0.00          1966691.65                0.00                0.00
  88                0.00                0.00                0.00          2085064.98                0.00                0.00
  89                0.00                0.00                0.00          2838354.78                0.00                0.00
  90          3620511.02                0.00          3431913.63          5900486.87                0.00                0.00
  91          5450230.45                0.00          5022140.69          8418849.80                0.00                0.00
  92          6034184.51                0.00          5508525.19          8863563.37                0.00                0.00
  93          9316232.82                0.00          7679729.89          8040545.91                0.00                0.00
  94         11171070.71                0.00          8272327.43          1017863.65                0.00                0.00
  95          9724617.65                0.00          7311209.37           135992.37                0.00                0.00
  96          6722451.28                0.00          5241029.61          1590586.18                0.00                0.00
  97          3787586.56                0.00          3215808.85          2981742.15                0.00                0.00
  98           726697.39                0.00           688887.27          2634180.31                0.00                0.00
  99                0.00                0.00                0.00          1969139.67                0.00                0.00
 100                0.00                0.00                0.00          2646595.34                0.00                0.00
 101                0.00                0.00                0.00          4594676.68                0.00                0.00
 102          3218231.31                0.00          3050299.71          5060186.30                0.00                0.00
 103          5450230.45                0.00          4750685.95          5857967.35                0.00                0.00
 104          7958718.26                0.00          5856173.24          2582252.45                0.00                0.00
 105          8895850.74                0.00          6531661.01                0.00                0.00                0.00
 106         10435693.08                0.00          7829284.24                0.00                0.00                0.00
 107          8668021.79                0.00          6560910.28           497891.39                0.00                0.00
 108          6854267.95                0.00          5188807.83                0.00                0.00                0.00
 109          3527411.12                0.00          3393775.56          1275954.77                0.00                0.00
 110           908372.10                0.00           861053.94          3205218.15                0.00                0.00
 111                0.00                0.00                0.00          1958713.42                0.00                0.00
 112                0.00                0.00                0.00          2040096.46                0.00                0.00
 113                0.00                0.00                0.00          3606009.13                0.00                0.00
 114          2413673.49                0.00          2287899.60          3891274.17                0.00                0.00
 115          5839533.39                0.00          5519940.09          9381042.10                0.00                0.00
 116          7635449.46                0.00          6400435.30          8116761.59                0.00                0.00
 117          4243630.99                0.00          3045571.03          1033792.31                0.00                0.00
 118          8942742.93                0.00          6773881.47          1719674.77                0.00                0.00
 119          9006130.37                0.00          6567987.46           155154.16                0.00                0.00
 120          6275056.93                0.00          3915644.83           391738.21                0.00                0.00
 121          3746250.50                0.00          3271559.40          3285682.44                0.00                0.00
 122           726697.39                0.00           688803.12          2304255.60                0.00                0.00
 123                0.00                0.00                0.00          1948700.15                0.00                0.00
 124                0.00                0.00                0.00          2608607.55                0.00                0.00
 125                0.00                0.00                0.00          2620235.74                0.00                0.00
 126          4022789.14                0.00          3812526.67          4775795.16                0.00                0.00
 127          5060929.04                0.00          4485183.20          2128526.00                0.00                0.00
 128          8788415.27                0.00          6773475.06           973786.83                0.00                0.00
 129          9068199.37                0.00          6824286.52           218664.36                0.00                0.00
 130         10503417.82                0.00          5801113.42          1040196.51                0.00                0.00
 131          9706391.82                0.00          3955927.92                0.00                0.00                0.00
 132          6215683.49                0.00          3255305.03          1078510.47                0.00                0.00
 133          2806752.30                0.00          2204024.75           573596.75                0.00                0.00
 134           567326.38                0.00           454269.82          2226951.65                0.00                0.00
 135                0.00                0.00                0.00          2042560.00                0.00                0.00
 136                0.00                0.00                0.00          2669077.00                0.00                0.00
 137                0.00                0.00                0.00          3670727.41                0.00                0.00
 138          4827346.97                0.00          4510237.60          7559068.66                0.00                0.00
 139          5450206.02                0.00          4546650.19          6295987.46                0.00                0.00
 140          7193779.69                0.00          5589874.94          5384322.91                0.00                0.00
 141          8355305.99                0.00          6052377.66           494707.72                0.00                0.00
 142          9741348.25                0.00          7351936.57           399711.47                0.00                0.00
 143          9356137.99                0.00          5737927.62                0.00                0.00                0.00
 144          6895802.28                0.00          3525632.17           304848.65                0.00                0.00
 145          3345419.41                0.00          2152952.46                0.00                0.00                0.00
 146           730189.20                0.00           619328.24          2504913.43                0.00                0.00
 147                0.00                0.00                0.00          2031000.40                0.00                0.00
 148                0.00                0.00                0.00          2684424.46                0.00                0.00
 149                0.00                0.00                0.00          8692590.10                0.00                0.00
 150          4827346.97                0.00          4575843.20          7867098.01                0.00                0.00
 151          4282324.69                0.00          4059349.72          6972692.89                0.00                0.00
 152          8045578.29                0.00          7121092.06         10908353.00                0.00                0.00
 153         10577376.64                0.00          7645861.34          3613847.81                0.00                0.00
 154         11547510.94                0.00          8887678.43          2978106.33                0.00                0.00
 155          9050208.33                0.00          7561604.92          5912528.47                0.00                0.00
 156          6628414.92                0.00          4893747.44           185851.41                0.00                0.00
 157          4209707.86                0.00          2883323.96                0.00                0.00                0.00
 158           897832.83                0.00           835543.73          3100248.05                0.00                0.00
 159                0.00                0.00                0.00          2018403.10                0.00                0.00
 160                0.00                0.00                0.00          3360178.71                0.00                0.00
 161                0.00                0.00                0.00          5275447.77                0.00                0.00
 162          3620511.02                0.00          3431214.61          5767991.13                0.00                0.00
 163          6228834.80                0.00          5459002.30          8684684.79                0.00                0.00
 164          7607624.41                0.00          5923401.82          5853830.01                0.00                0.00
 165          9463186.65                0.00          6856865.40           994988.60                0.00                0.00
 166         11222505.20                0.00          8426792.48           352228.25                0.00                0.00
 167          9385575.71                0.00          6007713.90           464017.35                0.00                0.00
 168          6410157.47                0.00          3494628.17                0.00                0.00                0.00
 169          3623064.13                0.00          3271607.23          3386947.91                0.00                0.00
 170           908372.10                0.00           861060.50          3143391.02                0.00                0.00
 171                0.00                0.00                0.00          3264747.73                0.00                0.00
 172                0.00                0.00                0.00          2638864.02                0.00                0.00
 173                0.00                0.00                0.00          3817933.52                0.00                0.00
 174          4425068.85                0.00          4193491.28          7030263.68                0.00                0.00
 175          5060929.04                0.00          4460883.27          7403887.91                0.00                0.00
 176          6835331.86                0.00          6076713.31          8398623.84                0.00                0.00
 177          7608075.71                0.00          5462825.94          3283362.89                0.00                0.00
 178         10366113.79                0.00          7659909.75           664672.44                0.00                0.00
 179         10095586.56                0.00          7084544.40           132959.07                0.00                0.00
 180          5915289.21                0.00          3371449.44                0.00                0.00                0.00
 181          3389306.90                0.00          2329058.39           591068.43                0.00                0.00
 182           723907.82                0.00           681153.15          2544029.54                0.00                0.00
 183                0.00                0.00                0.00          2013678.11                0.00                0.00
 184                0.00                0.00                0.00          2083565.32                0.00                0.00
 185                0.00                0.00                0.00          3532402.04                0.00                0.00
 186          2413673.49                0.00          2288016.76          3971499.69                0.00                0.00
 187          4671626.10                0.00          4428278.58          7515930.90                0.00                0.00
 188          7640031.53                0.00          6515705.76          9008987.36                0.00                0.00
 189          9403811.32                0.00          6730375.03          3160783.52                0.00                0.00
 190         10987462.02                0.00          8092832.09                0.00                0.00                0.00
 191          8718630.99                0.00          6124823.97          1271283.86                0.00                0.00
 192          6083911.13                0.00          3916341.61                0.00                0.00                0.00
 193          2870180.73                0.00          2389711.91           216729.57                0.00                0.00
 194           704230.50                0.00           665878.22          2551091.85                0.00                0.00
 195                0.00                0.00                0.00          1985334.88                0.00                0.00
 196                0.00                0.00                0.00          1923080.34                0.00                0.00
 197                0.00                0.00                0.00          3037408.80                0.00                0.00
 198          4022789.14                0.00          3786443.29          6292168.29                0.00                0.00
 199          5450199.90                0.00          4519204.68          6347809.55                0.00                0.00
 200          8293911.37                0.00          6109468.97          3642845.72                0.00                0.00
 201          8469230.09                0.00          6290346.04           119799.58                0.00                0.00
 202          9755097.01                0.00          7220980.07           616423.05                0.00                0.00
 203          8643582.20                0.00          4595367.61           112657.94                0.00                0.00
 204          5412168.76                0.00          2782498.66           122832.03                0.00                0.00
 205          3138416.79                0.00          2935497.06          4531070.62                0.00                0.00
 206           908372.10                0.00           861033.45          3109323.82                0.00                0.00
 207                0.00                0.00                0.00          1980477.45                0.00                0.00
 208                0.00                0.00                0.00          2030139.64                0.00                0.00
 209                0.00                0.00                0.00          3838328.00                0.00                0.00
 210          3218231.31                0.00          3050113.43          5130063.41                0.00                0.00
 211          5060929.04                0.00          4416696.82          7046224.06                0.00                0.00
 212          7614820.39                0.00          6036499.61          6237907.11                0.00                0.00
 213          8782297.34                0.00          6327647.53           867659.87                0.00                0.00
 214          9715990.16                0.00          7287340.37                0.00                0.00                0.00
 215          8636435.07                0.00          5802914.14                0.00                0.00                0.00
 216          6064778.27                0.00          3479725.61                0.00                0.00                0.00
 217          3056841.75                0.00          2452758.74           676965.90                0.00                0.00
 218           908372.10                0.00           861097.95          3173598.73                0.00                0.00
 219                0.00                0.00                0.00          1972377.54                0.00                0.00
 220                0.00                0.00                0.00          2590401.23                0.00                0.00
 221                0.00                0.00                0.00          3027431.68                0.00                0.00
 222          3218231.31                0.00          3050475.15          5165018.53                0.00                0.00
 223          5450230.45                0.00          4786217.58          6439240.60                0.00                0.00
 224          8031391.73                0.00          6893913.15          5643342.84                0.00                0.00
 225          8411782.37                0.00          6805510.15          4603694.88                0.00                0.00
 226         10075840.91                0.00          7533261.59                0.00                0.00                0.00
 227          8665613.84                0.00          4877483.05           459935.67                0.00                0.00
 228          6606651.94                0.00          3257947.35            89877.07                0.00                0.00
 229          3708752.48                0.00          3319151.81          3452139.04                0.00                0.00
 230           864851.99                0.00           788720.17          2884878.00                0.00                0.00
 231                0.00                0.00                0.00          1977894.87                0.00                0.00
 232                0.00                0.00                0.00          2040954.87                0.00                0.00
 233                0.00                0.00                0.00          3626986.56                0.00                0.00
 234          3620511.02                0.00          3431840.31          5868619.70                0.00                0.00
 235          4671626.10                0.00          4426155.10          7552565.86                0.00                0.00
 236          6436462.63                0.00          5704033.21          9070244.12                0.00                0.00
 237          8484511.61                0.00          6373500.16          1992312.17                0.00                0.00
 238         10127888.04                0.00          7664592.60           632168.36                0.00                0.00
 239          8636435.07                0.00          6474494.60                0.00                0.00                0.00
 240          6369799.25                0.00          4915881.65          1830342.03                0.00                0.00
 241          3438882.22                0.00          3003828.71          2045433.10                0.00                0.00
 242           726697.39                0.00           688836.57          2538448.51                0.00                0.00
 243                0.00                0.00                0.00          2042488.29                0.00                0.00
 244                0.00                0.00                0.00          2575102.92                0.00                0.00
 245                0.00                0.00                0.00          2941260.59                0.00                0.00
 246          2815953.19                0.00          2669440.60          4738744.63                0.00                0.00
 247          4282324.69                0.00          4032612.35          6776607.36                0.00                0.00
 248          6034184.51                0.00          5251739.89          8207182.10                0.00                0.00
 249          8142461.96                0.00          6544068.45          7166731.51                0.00                0.00
 250          7985574.15                0.00          5895026.68          1914168.13                0.00                0.00
 251          7675444.64                0.00          5739833.03           422494.14                0.00                0.00
 252          7272454.97                0.00          5504074.89           121902.34                0.00                0.00
 253          2977148.09                0.00          2687476.67          2659017.42                0.00                0.00
 254           821162.24                0.00           732315.75          1588405.14                0.00                0.00
 255                0.00                0.00                0.00           969384.14                0.00                0.00
 256                0.00                0.00                0.00          2417510.39                0.00                0.00
 257                0.00                0.00                0.00          4115076.88                0.00                0.00
 258          3027559.25                0.00          2869903.06          5014049.79                0.00                0.00
 259          4961293.94                0.00          4702848.06          7911564.11                0.00                0.00
 260          7772032.83                0.00          6559029.49          7394451.40                0.00                0.00
 261          7663214.60                0.00          5660744.78          1383406.97                0.00                0.00
 262          8293437.97                0.00          6246262.21           209737.78                0.00                0.00
 263          7876133.95                0.00          5517460.29                0.00                0.00                0.00
 264          5852424.76                0.00          3342811.65                0.00                0.00                0.00
 265          2948860.36                0.00          2582154.90          1247357.20                0.00                0.00
 266           868116.75                0.00           800576.31          2003462.28                0.00                0.00
 267                0.00                0.00                0.00          3197548.58                0.00                0.00
 268                0.00                0.00                0.00          2842559.44                0.00                0.00
 269                0.00                0.00                0.00          3725364.65                0.00                0.00
 270          3944103.51                0.00          3738148.45          6212495.14                0.00                0.00
 271          5577432.39                0.00          5014166.13          7241751.71                0.00                0.00
 272          7541900.40                0.00          6442356.15          6961986.35                0.00                0.00
 273          8715043.84                0.00          6185192.50           912138.08                0.00                0.00
 274          9317273.48                0.00          7363205.91          3088959.81                0.00                0.00
 275          7401908.84                0.00          4717913.01          1575464.97                0.00                0.00
 276          5249229.65                0.00          3563377.39          2014629.52                0.00                0.00
 277          3869888.97                0.00          3175419.41          2035044.00                0.00                0.00
 278          1090153.67                0.00           549619.84          1052453.88                0.00                0.00
 279                0.00                0.00                0.00          1365593.70                0.00                0.00
 280                0.00                0.00                0.00          2930198.71                0.00                0.00
 281                0.00                0.00                0.00          3350022.97                0.00                0.00
 282          3873089.21                0.00          3670985.94          6232552.11                0.00                0.00
 283          5440001.84                0.00          4890017.83          7808896.28                0.00                0.00
 284          7580932.14                0.00          6042600.11          1501463.70                0.00                0.00
 285          8866441.72                0.00          6736484.99           777436.68                0.00                0.00
 286          9237623.79                0.00          4943998.81           512299.31                0.00                0.00
 287          8008870.63                0.00          3607603.89           668177.11                0.00                0.00
 288          6064623.22                0.00          3541809.21          1856002.96                0.00                0.00
 289          3460751.07                0.00          3236737.60          4650792.34                0.00                0.00
 290           885890.61                0.00           839731.45          2415810.24                0.00                0.00
 291                0.00                0.00                0.00          1846977.67                0.00                0.00
 292                0.00                0.00                0.00          3360152.97                0.00                0.00
 293                0.00                0.00                0.00          4549771.01                0.00                0.00
 294          4082555.85                0.00          3869152.25          6368767.53                0.00                0.00
 295          5552909.47                0.00          4809476.96          5647295.45                0.00                0.00
 296          7579213.65                0.00          6189743.80          6282719.89                0.00                0.00
 297          9262531.24                0.00          6743651.73          1300686.78                0.00                0.00
 298          8770153.47                0.00          5908796.95          1422636.35                0.00                0.00
 299          7562298.57                0.00          3905109.83           708036.53                0.00                0.00
 300          5417753.30                0.00          2698429.62           139309.46                0.00                0.00
 301          3193563.52                0.00          2337138.57          1131705.65                0.00                0.00
 302           761420.16                0.00           619509.58          1866178.73                0.00                0.00
 303                0.00                0.00                0.00          1333676.39                0.00                0.00
 304                0.00                0.00                0.00          1676043.07                0.00                0.00
 305                0.00                0.00                0.00          3011928.22                0.00                0.00
 306          3592608.28                0.00          3405407.11          5815900.66                0.00                0.00
 307          6467410.15                0.00          5893362.08          9888980.05                0.00                0.00
 308          7800251.83                0.00          6359414.08          7063960.68                0.00                0.00
 309          9008495.24                0.00          6513644.66          2319954.06                0.00                0.00
 310          9516339.65                0.00          7033800.02                0.00                0.00                0.00
 311          8365593.13                0.00          5427848.43                0.00                0.00                0.00
 312          5465542.87                0.00          3143513.55                0.00                0.00                0.00
 313          2460958.55                0.00          2253251.09          2450468.81                0.00                0.00
 314           927783.93                0.00           879452.85          2768275.14                0.00                0.00
 315                0.00                0.00                0.00          1060239.95                0.00                0.00
 316                0.00                0.00                0.00          1224565.25                0.00                0.00
 317                0.00                0.00                0.00          2983259.26                0.00                0.00
 318          3386207.00                0.00          3209845.40          5523317.19                0.00                0.00
 319          5339866.57                0.00          5061720.31          8557937.58                0.00                0.00
 320          8358351.43                0.00          7109765.37          9145980.72                0.00                0.00
 321          8983390.60                0.00          6472063.22          3297441.05                0.00                0.00
 322          9874918.93                0.00          7259214.90                0.00                0.00                0.00
 323          7569252.71                0.00          5867626.58          1519718.11                0.00                0.00
 324          4890070.90                0.00          3723757.09           355014.44                0.00                0.00
 325          3258086.14                0.00          2789870.24           750024.56                0.00                0.00
 326           808105.37                0.00           758350.57          1886922.22                0.00                0.00
 327                0.00                0.00                0.00          1283401.97                0.00                0.00
 328                0.00                0.00                0.00          1811994.47                0.00                0.00
 329                0.00                0.00                0.00          3595899.00                0.00                0.00
 330          3814847.27                0.00          3616129.48          6218559.57                0.00                0.00
 331          5306147.55                0.00          5017588.84          7338984.81                0.00                0.00
 332          7709394.04                0.00          6871700.71          5661747.13                0.00                0.00
 333          8909064.56                0.00          6770667.68           257016.40                0.00                0.00
 334          9397447.39                0.00          6469557.22           631834.55                0.00                0.00
 335          7834545.92                0.00          3898060.97                0.00                0.00                0.00
 336          5663270.37                0.00          2989282.56                0.00                0.00                0.00
 337          2842606.45                0.00          2115199.83          1244530.19                0.00                0.00
 338           794624.91                0.00           357878.25           523759.75                0.00                0.00
 339                0.00                0.00                0.00          1301876.58                0.00                0.00
 340                0.00                0.00                0.00          2056892.47                0.00                0.00
 341                0.00                0.00                0.00          2630749.13                0.00                0.00
 342          3779084.67                0.00          3582104.99          6080462.43                0.00                0.00
 343          5506418.09                0.00          5037662.73          8594622.62                0.00                0.00
 344          7601525.04                0.00          6424027.49          7801806.37                0.00                0.00
 345          9478495.79                0.00          6681944.18          1635246.37                0.00                0.00
 346          9298353.33                0.00          6974307.92                0.00                0.00                0.00
 347          7936426.56                0.00          6178820.33          2990440.47                0.00                0.00
 348          5337100.18                0.00          3829927.14          2098702.99                0.00                0.00
 349          3427690.09                0.00          2842129.28          1603278.95                0.00                0.00
 350           878128.30                0.00           607527.65           206848.48                0.00                0.00
 351                0.00                0.00                0.00          1413781.32                0.00                0.00
 352                0.00                0.00                0.00          1742758.07                0.00                0.00
 353                0.00                0.00                0.00          4198636.00                0.00                0.00
 354          4060076.50                0.00          3834860.93          6002409.09                0.00                0.00
 355          6483192.58                0.00          5357480.66           991823.39                0.00                0.00
 356          6784946.06                0.00          5421388.13          2706507.94                0.00                0.00
 357          8746392.07                0.00          6913422.43          2746946.50                0.00                0.00
 358          9810200.80                0.00          7476313.15          1272571.18                0.00                0.00
 359          7887516.15                0.00          4128638.07           237043.73                0.00                0.00
 360          5063245.52                0.00          2669961.31                0.00                0.00                0.00
 361          2922543.15                0.00          2030410.86                0.00                0.00                0.00
 362           699152.51                0.00           497144.82          1120385.39                0.00                0.00
 363                0.00                0.00                0.00          1122521.72                0.00                0.00
 364                0.00                0.00                0.00          1685758.39                0.00                0.00
 365                0.00                0.00                0.00          3265127.31                0.00                0.00
 366          4726793.48                0.00          4479520.37          7439484.01                0.00                0.00
 367          6854250.74                0.00          5711124.87          7790850.75                0.00                0.00
 368          8365147.57                0.00          6059156.12           667144.28                0.00                0.00
 369          9169075.41                0.00          7071039.39          1621725.12                0.00                0.00
 370          9626030.49                0.00          6152417.99                0.00                0.00                0.00
 371          7501086.54                0.00          4035513.86          1487623.42                0.00                0.00
 372          4831812.08                0.00          3437876.89          3823326.60                0.00                0.00
 373          3224560.05                0.00          2691601.86          1912545.26                0.00                0.00
 374           610007.72                0.00           578278.37          2218871.87                0.00                0.00
 375                0.00                0.00                0.00          1099593.44                0.00                0.00
 376                0.00                0.00                0.00          2303022.27                0.00                0.00
 377                0.00                0.00                0.00          3904532.05                0.00                0.00
 378          4609287.81                0.00          4368183.09          7078526.95                0.00                0.00
 379          5531962.80                0.00          4909970.33          6558619.45                0.00                0.00
 380          7510969.79                0.00          5956821.45          3005822.68                0.00                0.00
 381          8525302.76                0.00          6704967.20          3510336.00                0.00                0.00
 382          9561409.87                0.00          6995661.52           869987.73                0.00                0.00
 383          8502622.26                0.00          3280963.63           438256.36                0.00                0.00
 384          5515838.20                0.00          2128009.73           381552.43                0.00                0.00
 385          3465242.35                0.00          1564918.20           388057.63                0.00                0.00
 386           707588.52                0.00           670783.52          2342792.50                0.00                0.00
 387                0.00                0.00                0.00           810332.30                0.00                0.00
 388                0.00                0.00                0.00          2121764.84                0.00                0.00
 389                0.00                0.00                0.00          3519260.34                0.00                0.00
 390          2831886.76                0.00          2684405.20          4633052.25                0.00                0.00
 391          5961113.96                0.00          5366811.67          8956148.24                0.00                0.00
 392          8062467.66                0.00          6511097.59          7156321.32                0.00                0.00
 393          8497696.31                0.00          6315733.11          3113540.02                0.00                0.00
 394         10156464.28                0.00          7561628.83                0.00                0.00                0.00
 395          7535360.29                0.00          5576167.50          1090607.20                0.00                0.00
 396          5238440.70                0.00          3840826.99          1732620.54                0.00                0.00
 397          3041432.19                0.00          2525713.91          1121248.16                0.00                0.00
 398           701933.06                0.00           637157.80          2143694.89                0.00                0.00
 399                0.00                0.00                0.00           959605.03                0.00                0.00
 400                0.00                0.00                0.00          1676985.53                0.00                0.00
 401                0.00                0.00                0.00          2991925.35                0.00                0.00
 402          3490940.32                0.00          3309036.69          5626900.91                0.00                0.00
 403          5741940.33                0.00          5243015.57          8737558.14                0.00                0.00
 404          8763083.71                0.00          6858632.61          5234122.05                0.00                0.00
 405          9087407.48                0.00          6707539.25                0.00                0.00                0.00
 406          9887898.00                0.00          7414546.84                0.00                0.00                0.00
 407          8215668.45                0.00          5657245.87           719979.02                0.00                0.00
 408          5628301.32                0.00          3829263.75           296041.72                0.00                0.00
 409          3039632.51                0.00          2782097.26           793504.96                0.00                0.00
 410           748970.95                0.00           709958.48          1802254.87                0.00                0.00
 411                0.00                0.00                0.00          1086500.43                0.00                0.00
 412                0.00                0.00                0.00          1967059.19                0.00                0.00
 413                0.00                0.00                0.00          2417421.27                0.00                0.00
 414          3719820.94                0.00          3525970.99          5973690.32                0.00                0.00
 415          6156786.45                0.00          5693700.22          9576936.76                0.00                0.00
 416          8462331.55                0.00          6576859.13          6675700.76                0.00                0.00
 417          9277921.81                0.00          6645137.16           904097.96                0.00                0.00
 418          9466672.90                0.00          7087304.95           382193.95                0.00                0.00
 419          7987084.86                0.00          6148741.27          1247889.90                0.00                0.00
 420          5341203.13                0.00          4143638.87          1235961.67                0.00                0.00
