               Stress_Period  Alfalfa_Irrigated             Grain_Irrigated               Pasture_Irrigated             Native_Vegetation             Urban_Barren                  Water                         
   1                0.00                0.00                0.00          5401899.26                0.00                0.00
   2                0.00                0.00                0.00          4278313.61                0.00                0.00
   3                0.00                0.00                0.00          2661776.97                0.00                0.00
   4                0.00                0.00                0.00          3551028.06                0.00                0.00
   5                0.00                0.00                0.00          4760728.41                0.00                0.00
   6                0.00                0.00                0.00          9785444.50                0.00                0.00
   7                0.00                0.00                0.00         10153740.95                0.00                0.00
   8                0.00                0.00                0.00          9888491.96                0.00                0.00
   9                0.00                0.00                0.00          7495443.36                0.00                0.00
  10                0.00                0.00                0.00          4147563.56                0.00                0.00
  11                0.00                0.00                0.00          1405409.91                0.00                0.00
  12                0.00                0.00                0.00           358422.58                0.00                0.00
  13                0.00                0.00                0.00          2019747.78                0.00                0.00
  14                0.00                0.00                0.00          3466752.54                0.00                0.00
  15                0.00                0.00                0.00          2651948.84                0.00                0.00
  16                0.00                0.00                0.00          3556847.14                0.00                0.00
  17                0.00                0.00                0.00          4920212.76                0.00                0.00
  18                0.00                0.00                0.00          8846374.87                0.00                0.00
  19                0.00                0.00                0.00         12180227.32                0.00                0.00
  20                0.00                0.00                0.00          7831102.70                0.00                0.00
  21                0.00                0.00                0.00          9352113.05                0.00                0.00
  22                0.00                0.00                0.00          4162658.18                0.00                0.00
  23                0.00                0.00                0.00                0.00                0.00                0.00
  24                0.00                0.00                0.00           811026.34                0.00                0.00
  25                0.00                0.00                0.00          6451003.88                0.00                0.00
  26                0.00                0.00                0.00          4284238.25                0.00                0.00
  27                0.00                0.00                0.00          2692409.96                0.00                0.00
  28                0.00                0.00                0.00          2694300.82                0.00                0.00
  29                0.00                0.00                0.00          3965636.62                0.00                0.00
  30                0.00                0.00                0.00          8910012.20                0.00                0.00
  31                0.00                0.00                0.00         11147001.76                0.00                0.00
  32                0.00                0.00                0.00         15199230.92                0.00                0.00
  33                0.00                0.00                0.00         17866336.46                0.00                0.00
  34                0.00                0.00                0.00          3985739.92                0.00                0.00
  35                0.00                0.00                0.00          4583981.49                0.00                0.00
  36                0.00                0.00                0.00          1107945.06                0.00                0.00
  37                0.00                0.00                0.00          3476769.31                0.00                0.00
  38                0.00                0.00                0.00          1448786.25                0.00                0.00
  39                0.00                0.00                0.00          2669969.79                0.00                0.00
  40                0.00                0.00                0.00          2667744.63                0.00                0.00
  41                0.00                0.00                0.00          3952409.22                0.00                0.00
  42                0.00                0.00                0.00          9492492.42                0.00                0.00
  43                0.00                0.00                0.00          6345283.51                0.00                0.00
  44                0.00                0.00                0.00          7464458.16                0.00                0.00
  45                0.00                0.00                0.00                0.00                0.00                0.00
  46                0.00                0.00                0.00                0.00                0.00                0.00
  47                0.00                0.00                0.00                0.00                0.00                0.00
  48                0.00                0.00                0.00           967242.95                0.00                0.00
  49                0.00                0.00                0.00           137746.21                0.00                0.00
  50                0.00                0.00                0.00          3494638.35                0.00                0.00
  51                0.00                0.00                0.00          2671135.86                0.00                0.00
  52                0.00                0.00                0.00          1822020.29                0.00                0.00
  53                0.00                0.00                0.00          6312983.21                0.00                0.00
  54                0.00                0.00                0.00          7180849.98                0.00                0.00
  55                0.00                0.00                0.00         11220591.84                0.00                0.00
  56                0.00                0.00                0.00         16691732.77                0.00                0.00
  57                0.00                0.00                0.00         14890689.18                0.00                0.00
  58                0.00                0.00                0.00          9962285.17                0.00                0.00
  59                0.00                0.00                0.00                0.00                0.00                0.00
  60                0.00                0.00                0.00           299292.63                0.00                0.00
  61                0.00                0.00                0.00           110196.97                0.00                0.00
  62                0.00                0.00                0.00          2383732.17                0.00                0.00
  63                0.00                0.00                0.00          2705522.39                0.00                0.00
  64                0.00                0.00                0.00          2716609.06                0.00                0.00
  65                0.00                0.00                0.00          4923338.87                0.00                0.00
  66                0.00                0.00                0.00          7987419.65                0.00                0.00
  67                0.00                0.00                0.00         11990696.08                0.00                0.00
  68                0.00                0.00                0.00         15168103.91                0.00                0.00
  69                0.00                0.00                0.00          6733655.15                0.00                0.00
  70                0.00                0.00                0.00           792116.43                0.00                0.00
  71                0.00                0.00                0.00           402020.42                0.00                0.00
  72                0.00                0.00                0.00          2025060.89                0.00                0.00
  73                0.00                0.00                0.00          4068557.16                0.00                0.00
  74                0.00                0.00                0.00          4312266.44                0.00                0.00
  75                0.00                0.00                0.00          2727597.03                0.00                0.00
  76                0.00                0.00                0.00          3569813.06                0.00                0.00
  77                0.00                0.00                0.00          3950789.79                0.00                0.00
  78                0.00                0.00                0.00          8803461.83                0.00                0.00
  79                0.00                0.00                0.00         10840650.42                0.00                0.00
  80                0.00                0.00                0.00          7859971.26                0.00                0.00
  81                0.00                0.00                0.00          3609648.72                0.00                0.00
  82                0.00                0.00                0.00          3997366.45                0.00                0.00
  83                0.00                0.00                0.00          1758477.14                0.00                0.00
  84                0.00                0.00                0.00          1706641.83                0.00                0.00
  85                0.00                0.00                0.00           886208.30                0.00                0.00
  86                0.00                0.00                0.00           873661.31                0.00                0.00
  87                0.00                0.00                0.00          2678108.01                0.00                0.00
  88                0.00                0.00                0.00          2752010.96                0.00                0.00
  89                0.00                0.00                0.00          3953205.72                0.00                0.00
  90                0.00                0.00                0.00          8023046.63                0.00                0.00
  91                0.00                0.00                0.00         11875885.78                0.00                0.00
  92                0.00                0.00                0.00         13237279.29                0.00                0.00
  93                0.00                0.00                0.00         18658075.02                0.00                0.00
  94                0.00                0.00                0.00          7388570.81                0.00                0.00
  95                0.00                0.00                0.00           295341.96                0.00                0.00
  96                0.00                0.00                0.00          3517004.92                0.00                0.00
  97                0.00                0.00                0.00          5181567.86                0.00                0.00
  98                0.00                0.00                0.00          3511581.41                0.00                0.00
  99                0.00                0.00                0.00          2677994.36                0.00                0.00
 100                0.00                0.00                0.00          3579451.02                0.00                0.00
 101                0.00                0.00                0.00          6357402.45                0.00                0.00
 102                0.00                0.00                0.00          7050810.58                0.00                0.00
 103                0.00                0.00                0.00          9827287.52                0.00                0.00
 104                0.00                0.00                0.00          5445233.90                0.00                0.00
 105                0.00                0.00                0.00                0.00                0.00                0.00
 106                0.00                0.00                0.00                0.00                0.00                0.00
 107                0.00                0.00                0.00          1081297.59                0.00                0.00
 108                0.00                0.00                0.00                0.00                0.00                0.00
 109                0.00                0.00                0.00          1728533.28                0.00                0.00
 110                0.00                0.00                0.00          4334236.03                0.00                0.00
 111                0.00                0.00                0.00          2670703.04                0.00                0.00
 112                0.00                0.00                0.00          2718329.15                0.00                0.00
 113                0.00                0.00                0.00          4970224.88                0.00                0.00
 114                0.00                0.00                0.00          5334659.04                0.00                0.00
 115                0.00                0.00                0.00         12884536.84                0.00                0.00
 116                0.00                0.00                0.00         13959938.32                0.00                0.00
 117                0.00                0.00                0.00          5321301.24                0.00                0.00
 118                0.00                0.00                0.00          4625238.68                0.00                0.00
 119                0.00                0.00                0.00           336956.66                0.00                0.00
 120                0.00                0.00                0.00           850759.00                0.00                0.00
 121                0.00                0.00                0.00          6151813.79                0.00                0.00
 122                0.00                0.00                0.00          3440672.99                0.00                0.00
 123                0.00                0.00                0.00          2665007.42                0.00                0.00
 124                0.00                0.00                0.00          3564012.52                0.00                0.00
 125                0.00                0.00                0.00          4065426.52                0.00                0.00
 126                0.00                0.00                0.00          8840653.77                0.00                0.00
 127                0.00                0.00                0.00         10792205.55                0.00                0.00
 128                0.00                0.00                0.00          5313288.03                0.00                0.00
 129                0.00                0.00                0.00           474885.18                0.00                0.00
 130                0.00                0.00                0.00          2260822.91                0.00                0.00
 131                0.00                0.00                0.00                0.00                0.00                0.00
 132                0.00                0.00                0.00          2401379.62                0.00                0.00
 133                0.00                0.00                0.00          1077842.14                0.00                0.00
 134                0.00                0.00                0.00          3107793.32                0.00                0.00
 135                0.00                0.00                0.00          2726088.81                0.00                0.00
 136                0.00                0.00                0.00          3595897.18                0.00                0.00
 137                0.00                0.00                0.00          4944866.46                0.00                0.00
 138                0.00                0.00                0.00         10532501.96                0.00                0.00
 139                0.00                0.00                0.00          9746564.20                0.00                0.00
 140                0.00                0.00                0.00         10898245.61                0.00                0.00
 141                0.00                0.00                0.00          1287996.94                0.00                0.00
 142                0.00                0.00                0.00           868074.97                0.00                0.00
 143                0.00                0.00                0.00                0.00                0.00                0.00
 144                0.00                0.00                0.00           658530.14                0.00                0.00
 145                0.00                0.00                0.00                0.00                0.00                0.00
 146                0.00                0.00                0.00          3428480.19                0.00                0.00
 147                0.00                0.00                0.00          2718176.90                0.00                0.00
 148                0.00                0.00                0.00          3607258.29                0.00                0.00
 149                0.00                0.00                0.00         11574313.73                0.00                0.00
 150                0.00                0.00                0.00         10718643.15                0.00                0.00
 151                0.00                0.00                0.00          9501058.53                0.00                0.00
 152                0.00                0.00                0.00         16051051.01                0.00                0.00
 153                0.00                0.00                0.00          5973532.75                0.00                0.00
 154                0.00                0.00                0.00          6547412.49                0.00                0.00
 155                0.00                0.00                0.00         13311481.06                0.00                0.00
 156                0.00                0.00                0.00           403623.52                0.00                0.00
 157                0.00                0.00                0.00                0.00                0.00                0.00
 158                0.00                0.00                0.00          4207104.63                0.00                0.00
 159                0.00                0.00                0.00          2714607.91                0.00                0.00
 160                0.00                0.00                0.00          4515439.32                0.00                0.00
 161                0.00                0.00                0.00          6888835.46                0.00                0.00
 162                0.00                0.00                0.00          7935942.92                0.00                0.00
 163                0.00                0.00                0.00         12917990.10                0.00                0.00
 164                0.00                0.00                0.00         11369276.50                0.00                0.00
 165                0.00                0.00                0.00          2027210.67                0.00                0.00
 166                0.00                0.00                0.00           764953.09                0.00                0.00
 167                0.00                0.00                0.00          1007731.51                0.00                0.00
 168                0.00                0.00                0.00                0.00                0.00                0.00
 169                0.00                0.00                0.00          4754230.52                0.00                0.00
 170                0.00                0.00                0.00          4311492.68                0.00                0.00
 171                0.00                0.00                0.00          4449328.78                0.00                0.00
 172                0.00                0.00                0.00          3575987.69                0.00                0.00
 173                0.00                0.00                0.00          4992715.96                0.00                0.00
 174                0.00                0.00                0.00          9702659.10                0.00                0.00
 175                0.00                0.00                0.00         10805367.70                0.00                0.00
 176                0.00                0.00                0.00         14469274.47                0.00                0.00
 177                0.00                0.00                0.00          9955653.86                0.00                0.00
 178                0.00                0.00                0.00          1241747.86                0.00                0.00
 179                0.00                0.00                0.00           834904.21                0.00                0.00
 180                0.00                0.00                0.00                0.00                0.00                0.00
 181                0.00                0.00                0.00          1283237.99                0.00                0.00
 182                0.00                0.00                0.00          3469579.22                0.00                0.00
 183                0.00                0.00                0.00          2700825.61                0.00                0.00
 184                0.00                0.00                0.00          2743043.09                0.00                0.00
 185                0.00                0.00                0.00          4825895.51                0.00                0.00
 186                0.00                0.00                0.00          5382845.85                0.00                0.00
 187                0.00                0.00                0.00         10337772.99                0.00                0.00
 188                0.00                0.00                0.00         14506610.61                0.00                0.00
 189                0.00                0.00                0.00          6032145.41                0.00                0.00
 190                0.00                0.00                0.00                0.00                0.00                0.00
 191                0.00                0.00                0.00          2737361.78                0.00                0.00
 192                0.00                0.00                0.00                0.00                0.00                0.00
 193                0.00                0.00                0.00           461582.79                0.00                0.00
 194                0.00                0.00                0.00          3394404.66                0.00                0.00
 195                0.00                0.00                0.00          2684970.76                0.00                0.00
 196                0.00                0.00                0.00          2647675.19                0.00                0.00
 197                0.00                0.00                0.00          4073701.21                0.00                0.00
 198                0.00                0.00                0.00          8767468.25                0.00                0.00
 199                0.00                0.00                0.00          9357345.30                0.00                0.00
 200                0.00                0.00                0.00          7401928.95                0.00                0.00
 201                0.00                0.00                0.00           260175.20                0.00                0.00
 202                0.00                0.00                0.00          1310586.74                0.00                0.00
 203                0.00                0.00                0.00           244665.34                0.00                0.00
 204                0.00                0.00                0.00           266760.94                0.00                0.00
 205                0.00                0.00                0.00          6874119.82                0.00                0.00
 206                0.00                0.00                0.00          4274031.02                0.00                0.00
 207                0.00                0.00                0.00          2686727.75                0.00                0.00
 208                0.00                0.00                0.00          2715824.44                0.00                0.00
 209                0.00                0.00                0.00          5111685.24                0.00                0.00
 210                0.00                0.00                0.00          7087891.99                0.00                0.00
 211                0.00                0.00                0.00         10262642.38                0.00                0.00
 212                0.00                0.00                0.00         10626470.62                0.00                0.00
 213                0.00                0.00                0.00          3030504.05                0.00                0.00
 214                0.00                0.00                0.00                0.00                0.00                0.00
 215                0.00                0.00                0.00                0.00                0.00                0.00
 216                0.00                0.00                0.00                0.00                0.00                0.00
 217                0.00                0.00                0.00          1269223.65                0.00                0.00
 218                0.00                0.00                0.00          4315317.30                0.00                0.00
 219                0.00                0.00                0.00          2685144.22                0.00                0.00
 220                0.00                0.00                0.00          3549260.90                0.00                0.00
 221                0.00                0.00                0.00          4071786.56                0.00                0.00
 222                0.00                0.00                0.00          7087988.96                0.00                0.00
 223                0.00                0.00                0.00         11091700.60                0.00                0.00
 224                0.00                0.00                0.00         15740467.49                0.00                0.00
 225                0.00                0.00                0.00         14217192.16                0.00                0.00
 226                0.00                0.00                0.00           347746.54                0.00                0.00
 227                0.00                0.00                0.00           998595.90                0.00                0.00
 228                0.00                0.00                0.00           195190.89                0.00                0.00
 229                0.00                0.00                0.00          5396365.25                0.00                0.00
 230                0.00                0.00                0.00          4342356.78                0.00                0.00
 231                0.00                0.00                0.00          2688653.29                0.00                0.00
 232                0.00                0.00                0.00          2722756.92                0.00                0.00
 233                0.00                0.00                0.00          4880456.56                0.00                0.00
 234                0.00                0.00                0.00          8022025.76                0.00                0.00
 235                0.00                0.00                0.00         10346503.89                0.00                0.00
 236                0.00                0.00                0.00         13949924.61                0.00                0.00
 237                0.00                0.00                0.00         11681247.90                0.00                0.00
 238                0.00                0.00                0.00          2048688.86                0.00                0.00
 239                0.00                0.00                0.00                0.00                0.00                0.00
 240                0.00                0.00                0.00          4066734.26                0.00                0.00
 241                0.00                0.00                0.00          2780164.28                0.00                0.00
 242                0.00                0.00                0.00          3455311.45                0.00                0.00
 243                0.00                0.00                0.00          2723233.54                0.00                0.00
 244                0.00                0.00                0.00          3540131.12                0.00                0.00
 245                0.00                0.00                0.00          4015759.19                0.00                0.00
 246                0.00                0.00                0.00          6339148.34                0.00                0.00
 247                0.00                0.00                0.00          9394551.15                0.00                0.00
 248                0.00                0.00                0.00         11950002.09                0.00                0.00
 249                0.00                0.00                0.00         14030759.50                0.00                0.00
 250                0.00                0.00                0.00          5736646.71                0.00                0.00
 251                0.00                0.00                0.00           902166.36                0.00                0.00
 252                0.00                0.00                0.00           264741.89                0.00                0.00
 253                0.00                0.00                0.00          5997923.75                0.00                0.00
 254                0.00                0.00                0.00          2541024.32                0.00                0.00
 255                0.00                0.00                0.00          2936778.64                0.00                0.00
 256                0.00                0.00                0.00          3305105.59                0.00                0.00
 257                0.00                0.00                0.00          5674280.17                0.00                0.00
 258                0.00                0.00                0.00          6765967.35                0.00                0.00
 259                0.00                0.00                0.00         10898570.86                0.00                0.00
 260                0.00                0.00                0.00         13089682.73                0.00                0.00
 261                0.00                0.00                0.00          6171780.69                0.00                0.00
 262                0.00                0.00                0.00           455498.86                0.00                0.00
 263                0.00                0.00                0.00                0.00                0.00                0.00
 264                0.00                0.00                0.00                0.00                0.00                0.00
 265                0.00                0.00                0.00          1735359.49                0.00                0.00
 266                0.00                0.00                0.00          3421885.00                0.00                0.00
 267                0.00                0.00                0.00          4296750.37                0.00                0.00
 268                0.00                0.00                0.00          3882585.55                0.00                0.00
 269                0.00                0.00                0.00          5159989.05                0.00                0.00
 270                0.00                0.00                0.00          8656277.64                0.00                0.00
 271                0.00                0.00                0.00         11740366.08                0.00                0.00
 272                0.00                0.00                0.00         14012433.58                0.00                0.00
 273                0.00                0.00                0.00          5210403.87                0.00                0.00
 274                0.00                0.00                0.00          5730335.35                0.00                0.00
 275                0.00                0.00                0.00          4707379.62                0.00                0.00
 276                0.00                0.00                0.00          3059672.93                0.00                0.00
 277                0.00                0.00                0.00          6067666.43                0.00                0.00
 278                0.00                0.00                0.00          2191618.40                0.00                0.00
 279                0.00                0.00                0.00          3303316.07                0.00                0.00
 280                0.00                0.00                0.00          4118860.09                0.00                0.00
 281                0.00                0.00                0.00          4516585.51                0.00                0.00
 282                0.00                0.00                0.00          8541703.52                0.00                0.00
 283                0.00                0.00                0.00         11675765.38                0.00                0.00
 284                0.00                0.00                0.00         11663236.43                0.00                0.00
 285                0.00                0.00                0.00          3218828.78                0.00                0.00
 286                0.00                0.00                0.00          1112588.05                0.00                0.00
 287                0.00                0.00                0.00          1457570.14                0.00                0.00
 288                0.00                0.00                0.00          2782817.22                0.00                0.00
 289                0.00                0.00                0.00          7773404.56                0.00                0.00
 290                0.00                0.00                0.00          3297417.96                0.00                0.00
 291                0.00                0.00                0.00          2476335.55                0.00                0.00
 292                0.00                0.00                0.00          4630877.22                0.00                0.00
 293                0.00                0.00                0.00          6264649.57                0.00                0.00
 294                0.00                0.00                0.00          8904664.75                0.00                0.00
 295                0.00                0.00                0.00          9531573.79                0.00                0.00
 296                0.00                0.00                0.00         12457859.61                0.00                0.00
 297                0.00                0.00                0.00          3085305.37                0.00                0.00
 298                0.00                0.00                0.00          3091944.45                0.00                0.00
 299                0.00                0.00                0.00          1537681.13                0.00                0.00
 300                0.00                0.00                0.00           302545.87                0.00                0.00
 301                0.00                0.00                0.00          2176339.97                0.00                0.00
 302                0.00                0.00                0.00          3413420.34                0.00                0.00
 303                0.00                0.00                0.00          1815945.72                0.00                0.00
 304                0.00                0.00                0.00          2252462.43                0.00                0.00
 305                0.00                0.00                0.00          4089117.60                0.00                0.00
 306                0.00                0.00                0.00          7936692.54                0.00                0.00
 307                0.00                0.00                0.00         13984672.21                0.00                0.00
 308                0.00                0.00                0.00         13313228.55                0.00                0.00
 309                0.00                0.00                0.00          5058312.22                0.00                0.00
 310                0.00                0.00                0.00                0.00                0.00                0.00
 311                0.00                0.00                0.00                0.00                0.00                0.00
 312                0.00                0.00                0.00                0.00                0.00                0.00
 313                0.00                0.00                0.00          3918583.64                0.00                0.00
 314                0.00                0.00                0.00          3773405.76                0.00                0.00
 315                0.00                0.00                0.00          1434880.39                0.00                0.00
 316                0.00                0.00                0.00          1654513.97                0.00                0.00
 317                0.00                0.00                0.00          3994321.69                0.00                0.00
 318                0.00                0.00                0.00          7521827.63                0.00                0.00
 319                0.00                0.00                0.00         11791023.43                0.00                0.00
 320                0.00                0.00                0.00         15249306.41                0.00                0.00
 321                0.00                0.00                0.00          6544245.08                0.00                0.00
 322                0.00                0.00                0.00                0.00                0.00                0.00
 323                0.00                0.00                0.00          3372099.21                0.00                0.00
 324                0.00                0.00                0.00           766553.21                0.00                0.00
 325                0.00                0.00                0.00          1698827.51                0.00                0.00
 326                0.00                0.00                0.00          2514910.47                0.00                0.00
 327                0.00                0.00                0.00          1764015.05                0.00                0.00
 328                0.00                0.00                0.00          2454893.08                0.00                0.00
 329                0.00                0.00                0.00          4976258.05                0.00                0.00
 330                0.00                0.00                0.00          8477155.91                0.00                0.00
 331                0.00                0.00                0.00         11687182.37                0.00                0.00
 332                0.00                0.00                0.00         16435548.81                0.00                0.00
 333                0.00                0.00                0.00         10397651.69                0.00                0.00
 334                0.00                0.00                0.00          1372813.47                0.00                0.00
 335                0.00                0.00                0.00                0.00                0.00                0.00
 336                0.00                0.00                0.00                0.00                0.00                0.00
 337                0.00                0.00                0.00          2729605.15                0.00                0.00
 338                0.00                0.00                0.00           685802.99                0.00                0.00
 339                0.00                0.00                0.00          1768349.65                0.00                0.00
 340                0.00                0.00                0.00          2827049.78                0.00                0.00
 341                0.00                0.00                0.00          3545677.27                0.00                0.00
 342                0.00                0.00                0.00          8340281.77                0.00                0.00
 343                0.00                0.00                0.00         12091926.02                0.00                0.00
 344                0.00                0.00                0.00         14748860.25                0.00                0.00
 345                0.00                0.00                0.00          5613332.25                0.00                0.00
 346                0.00                0.00                0.00                0.00                0.00                0.00
 347                0.00                0.00                0.00          6699268.17                0.00                0.00
 348                0.00                0.00                0.00          4353724.21                0.00                0.00
 349                0.00                0.00                0.00          3891650.22                0.00                0.00
 350                0.00                0.00                0.00           282079.81                0.00                0.00
 351                0.00                0.00                0.00          1930268.98                0.00                0.00
 352                0.00                0.00                0.00          2339696.98                0.00                0.00
 353                0.00                0.00                0.00          5850900.51                0.00                0.00
 354                0.00                0.00                0.00          8399038.01                0.00                0.00
 355                0.00                0.00                0.00          8518705.22                0.00                0.00
 356                0.00                0.00                0.00          5913909.16                0.00                0.00
 357                0.00                0.00                0.00          6503163.06                0.00                0.00
 358                0.00                0.00                0.00          2740285.02                0.00                0.00
 359                0.00                0.00                0.00           514800.66                0.00                0.00
 360                0.00                0.00                0.00                0.00                0.00                0.00
 361                0.00                0.00                0.00                0.00                0.00                0.00
 362                0.00                0.00                0.00          1751463.56                0.00                0.00
 363                0.00                0.00                0.00          1520186.46                0.00                0.00
 364                0.00                0.00                0.00          2279642.55                0.00                0.00
 365                0.00                0.00                0.00          4454583.99                0.00                0.00
 366                0.00                0.00                0.00         10313865.67                0.00                0.00
 367                0.00                0.00                0.00         11718849.23                0.00                0.00
 368                0.00                0.00                0.00          4625288.14                0.00                0.00
 369                0.00                0.00                0.00          3488980.35                0.00                0.00
 370                0.00                0.00                0.00                0.00                0.00                0.00
 371                0.00                0.00                0.00          3357985.54                0.00                0.00
 372                0.00                0.00                0.00          7792489.11                0.00                0.00
 373                0.00                0.00                0.00          3636134.30                0.00                0.00
 374                0.00                0.00                0.00          3018553.97                0.00                0.00
 375                0.00                0.00                0.00          1494443.51                0.00                0.00
 376                0.00                0.00                0.00          3187553.04                0.00                0.00
 377                0.00                0.00                0.00          5432342.67                0.00                0.00
 378                0.00                0.00                0.00         10017629.92                0.00                0.00
 379                0.00                0.00                0.00         11391446.57                0.00                0.00
 380                0.00                0.00                0.00         10791905.95                0.00                0.00
 381                0.00                0.00                0.00          8756997.60                0.00                0.00
 382                0.00                0.00                0.00          1901556.26                0.00                0.00
 383                0.00                0.00                0.00           951784.97                0.00                0.00
 384                0.00                0.00                0.00           827828.66                0.00                0.00
 385                0.00                0.00                0.00           834045.40                0.00                0.00
 386                0.00                0.00                0.00          3189826.35                0.00                0.00
 387                0.00                0.00                0.00          1079334.37                0.00                0.00
 388                0.00                0.00                0.00          2859045.15                0.00                0.00
 389                0.00                0.00                0.00          4792080.97                0.00                0.00
 390                0.00                0.00                0.00          6297734.36                0.00                0.00
 391                0.00                0.00                0.00         12740900.91                0.00                0.00
 392                0.00                0.00                0.00         13037457.42                0.00                0.00
 393                0.00                0.00                0.00          6712998.35                0.00                0.00
 394                0.00                0.00                0.00                0.00                0.00                0.00
 395                0.00                0.00                0.00          2396395.02                0.00                0.00
 396                0.00                0.00                0.00          2955574.18                0.00                0.00
 397                0.00                0.00                0.00          3428838.81                0.00                0.00
 398                0.00                0.00                0.00          3032131.86                0.00                0.00
 399                0.00                0.00                0.00          1287496.82                0.00                0.00
 400                0.00                0.00                0.00          2252967.40                0.00                0.00
 401                0.00                0.00                0.00          4085544.47                0.00                0.00
 402                0.00                0.00                0.00          7702516.10                0.00                0.00
 403                0.00                0.00                0.00         12468745.43                0.00                0.00
 404                0.00                0.00                0.00         13862256.82                0.00                0.00
 405                0.00                0.00                0.00          1823186.92                0.00                0.00
 406                0.00                0.00                0.00                0.00                0.00                0.00
 407                0.00                0.00                0.00          1539058.85                0.00                0.00
 408                0.00                0.00                0.00           650194.71                0.00                0.00
 409                0.00                0.00                0.00          1619211.97                0.00                0.00
 410                0.00                0.00                0.00          2444407.18                0.00                0.00
 411                0.00                0.00                0.00          1456280.75                0.00                0.00
 412                0.00                0.00                0.00          2720441.90                0.00                0.00
 413                0.00                0.00                0.00          3256354.51                0.00                0.00
 414                0.00                0.00                0.00          8195340.80                0.00                0.00
 415                0.00                0.00                0.00         13333693.58                0.00                0.00
 416                0.00                0.00                0.00         11212492.77                0.00                0.00
 417                0.00                0.00                0.00           611336.57                0.00                0.00
 418                0.00                0.00                0.00           830031.22                0.00                0.00
 419                0.00                0.00                0.00          2823635.58                0.00                0.00
 420                0.00                0.00                0.00          2667509.23                0.00                0.00
